106 45
62 433
66 520
88 328
65 554
55 951
39 731
18 190
38 819
91 961
41 919
41 516
53 896
65 898
53 217
24 600
98 658
66 693
38 648
34 411
94 339
17 973
73 608
18 542
69 415
70 541
48 786
16 549
37 439
14 503
41 544
40 565
27 751
73 921
50 766
70 330
27 584
73 827
85 403
44 397
89 337
56 872
34 717
17 495
13 562
49 593
67 317
80 292
44 407
55 686
90 961
84 949
60 912
42 646
38 427
64 759
38 553
43 964
25 325
53 317
94 605
79 882
97 899
44 709
80 442
23 229
65 244
94 504
33 334
15 280
74 687
79 878
74 443
63 650
61 329
60 878
25 538
84 389
40 590
76 937
33 757
76 840
42 586
19 685
70 799
75 475
16 774
40 475
39 746
73 492
43 446
68 211
47 265
48 421
20 412
36 849
72 812
96 721
57 905
23 643
78 869
15 835
25 294
35 634
27 854
94 507
38 898