3347
8239
9011
9366
2431
9638
5522
7440
7322
9944
5160
4934
2462
7546
2366
223
9655
1687
7325
210
6423
6142
4724
3386
4696
7940
7274
6700
4456
4818
1545
8799
879
9493
1463
9015
8004
6218
9663
3942
4284
2148
3522
5731
9323
1237
3360
8275
5617
117
870
1555
1528
379
1378
7516
1754
2628
7788
6676
7175
8131
5522
8291
5457
4374
4867
7644
139
6745
2467
1138
3341
54
1461
6469
3205
8864
2475
6614
7131
8326
9859
9802
5805
224
7121
5735
5726
1919
3080
4124
6169
1585
5986
1831
5429
1005
5419
4650
6135
420
8212
3938
9437
5392
8488
3161
1932
5466
6675
1041
826
8472
6038
6665
3068
8537
662
2278
7929
398
5872
7841
8150
6376
453
9228
2235
697
8548
5534
4197
6432
4445
2417
8160
9155
9792
4714
3253
4642
9592
186
6820
3124
571
2068
2320
7952
1414
8956
4471
3956
8989
1834
3925
8002
9505
6805
9560
4568
3944
151
9659
3082
691
9700
5802
4561
9229
7931
9593
5619
2463
5811
9022
5193
6878
5666
1240
9713
2318
4813
5509
9359
1286
9852
3820
5993
1766
1689
8751
6325
4473
666
4103
3728
3852
5408
2629
1975
7121
8915
9772
2581
5108
2313
8870
6100
321
1279
3551
3826
3987
5483
3650
1863
8649
8949
1639
6637
1320
3925
6062
3865
2808
3987
8158
8113
7748
6302
406
9401
5923
592
5547
8961
6642
4198
4236
2959
2538
3708
8049
2517
6200
7333
7980
256
9826
7093
4310
4658
3804
6020
803
9853
6178
4122
2793
7329
4973
9691
9433
255
7541
9437
6526
6362
6137
7329
5640
8312
8169
7551
9825
4130
4561
7070
9766
4215
3416
159
4728
756
1867
5885
488
5281
6244
8544
1902
5230
7858
3012
6020
3560
8825
181
1655
2006
199
8869
9717
5099
7499
2869
7675
9122
9935
539
7211
1694
1870
2012
5772
6574
1362
6399
7722
1941
7640
9156
8230
5490
2547
3065
1054
377
9225
8436
5134
3900
927
4320
8149
8303
3976
9735
5632
9153
7636
492
8900
5603
8384
8140
573
2453
6982
2857
3510
7489
5928
3135
949
4093
8041
6935
1836
4481
1030
42
1742
7868
5319
3942
7434
1507
6813
907
8553
2974
6815
2123
5548
2850
7934
2386
5579
1070
5450
3264
1678
4283
5956
8866
6144
8599
4867
7762
3051
1955
6774
5215
8919
5557
1309
5206
7423
6552
8836
2810
486
1407
4380
3179
3446
2072
3677
4058
4974
279
633
3187
5269
7130
5461
8530
6111
2735
8901
5317
8825
573
7270
8403
6424
3813
5726
3194
3829
3998
7585
4048
809
7569
5759
4758
5819
7178
4825
1061
2247
8475
8029
2213
1366
1785
8136
2767
3167
4660
1046
2445
5546
5646
276
1603
8140
8929
1858
753
2616
8389
2486
9577
9042
1786
8088
8160
2473
6630
9081
4992
8778
8026
8425
274
7176
5939
7926
9797
2427
5553
6551
7930
6155
6925
1904
9486
8567
6672
1699
7342
7275
1904
6289
1600
4364
8310
5453
7847
7947
6629
4936
7251
3036
1447
8857
5382
7384
6324
8891
4974
4047
6130
5667
9912
5436
3923
4365
9301
5970
2635
6478
5187
2450
3791
2191
5866
105
9471
8419
6759
145
9220
1168
623
6435
7766
460
2445
1025
5222
2434
4034
4434
2782
917
3467
5082
6415
3951
6060
7568
3003
9734
4261
2535
6836
4839
623
6473
6272
3835
2596
4003
4339
2892
6768
2960
6053
6965
9239
3181
6147
5176
4886
7329
1588
6761
6287
7154
5886
6010
8547
46
4813
1484
607
4957
7405
2365
7278
9643
2583
795
3094
2458
7475
5739
498
1866
9036
595
1454
6448
5479
3450
9574
4525
619
1855
3695
3895
3503
4397
2528
334
3464
6181
728
4205
7061
2648
3065
6442
2184
3546
9078
4596
2327
4842
9253
9243
4541
8175
1478
8543
6892
6094
653
8094
8287
3200
5407
9456
1697
5418
4538
4850
7279
625
5835
4215
7877
3236
3694
3658
7256
2836
4336
8824
4217
8802
3549
8885
7357
9904
4658
8880
1582
5911
3578
45
5044
3773
8409
5531
2257
4897
1837
5396
9847
8072
6999
2767
7399
4090
4275
3113
7273
7255
9431
5680
3990
4447
8231
8959
9302
1126
8196
5738
74
1779
4533
8658
5478
8718
4695
6647
4351
3219
3589
7062
7394
9340
8816
8677
3891
9270
7574
4665
6113
4012
3991
2758
8587
3906
7567
5548
8303
7974
5457
6636
181
8256
7264
4408
5065
7659
5959
6333
8860
1520
2283
4624
6381
6515
3986
5785
736
2613
2779
6365
6924
7995
1373
6138
3620
6966
8285
4008
5200
9625
4791
8526
3337
3968
2776
3618
2401
601
9830
5866
3930
7118
2669
9700
4719
5447
8119
7145
8905
1876
2181
4457
9948
7760
9322
4844
672
8122
6157
7758
5933
8199
5425
6875
6308
7754
313
36
763
5999
3715
810
1480
9243
75
8920
1800
896
9263
1451
2368
4450
7423
7790
4837
8974
4139
8307
6084
6858
7538
1424
7778
2601
6325
6080
9562
357
3052
1957
7533
5153
9277
23
9501
2452
6134
2847
7
6704
2594
9611
2167
7555
1827
5650
4556
2384
8379
6590
8755
5855
4311
9883
2884
6302
7883
2171
279
499
4007
6905
9783
9619
3896
6113
5292
8817
1838
5930
1600
7240
7299
1969
2785
9218
8151
2349
7277
4351
9287
213
9898
2851
6324
9342
3349
32
8079
8429
1056
3238
7774
7999
3115
7147
4979
9751
9381
7146
3331
2362
3316
5276
5598
9616
667
9088
5441
7755
3800
2553
4260
2323
6243
627
9916
1677
4079
1823
3817
340
1805
7555
1750
9355
6015
5316
7614
1455
7397
6214
9892
9126
5437
1543
2892
1988
8910
4041
9456
6099
6897
7899
7753
7294
9835
9181
4771
2362
3976
2810
8751
1873
6630
5199
7841
3839
2566
1641
2818
7442
4654
5845
3978
3794
5942
8976
8212
7093
5579
7900
6378
7735
1606
9616
196
4185
4861
9272
2817
2804
8864
8105
1715
8789
729
8051
5134
7898
2340
6938
1501
9873
3330
9094
3781
4448
7212
4965
7453
1548
8736
4209
6540
3832
7854
7877
5977
3741
6778
9646
5158
6288
4643
155
6510
7208
3258
9586
6091
5376
4281
3343
482
3437
9758
7018
7211
3287
6929
2130
5012
8165
1345
364
2585
339
4638
5282
4611
4500
3683
9824
7409
2543
8684
8956
1250
1005
5989
5701
6967
3746
974
2054
4124
1084
7407
8633
5466
8659
8466
7684
9864
5818
7656
5647
6873
8482
271
3609
2912
7888
7500
661
7241
8818
9563
9770
9559
4293
4742
6075
3852
6529
6533
5405
690
557
6451
2794
6926
843
9555
2618
7097
7394
9005
8749
8651
511
1129
1278
8275
4873
4592
942
6905
3547
8234
8269
8535
8214
8590
9943
9006
1144
2779
4397
6316
1612
4132
339
8140
2690
349
8919
3494
9149
3065
3907
9237
1611
6177
3340
7518
4439
8492
2019
7000
3643
6049
517
5524
5081
3794
9879
6242
9393
4655
7657
4437
2138
1661
6233
4779
1800
4227
9778
8948
8891
4803
9250
3700
7508
3785
9695
6938
5193
4200
8094
2759
8291
8658
3403
2921
6785
3119
9099
9086
29
5478
7064
2520
4220
5349
1890
6288
6570
2288
6466
7862
1681
4626
346
2672
1978
3292
1821
3806
2456
2691
82
4666
7311
2215
5119
2591
1517
4749
3199
9584
5743
9546
4272
5092
3175
6948
6756
5250
8879
1652
2307
7191
6671
4266
9566
1552
2724
3063
89
8709
7152
4865
7548
9214
7537
1095
275
7871
5595
2861
2455
4339
2869
7372
5387
3037
704
9016
1231
864
4399
3265
8521
9355
3088
5600
1966
1003
5718
7166
6959
3899
8495
5218
9218
5424
641
1046
331
9638
5815
2320
6643
9641
8436
9268
3525
2497
7805
1903
461
4458
9614
2911
3741
6668
1314
938
1031
1922
2774
8777
5163
8588
5158
6996
7281
9008
9590
1819
9927
2939
6249
9373
6054
101
9424
6270
4347
5452
9576
470
666
4752
8256
5362
7687
4058
7218
2687
6894
5030
37
9436
1300
7008
1
2440
5211
1163
6943
9268
5988
9997
4474
9344
3884
1550
4544
843
7123
882
8061
9551
1060
1924
7604
633
6715
3238
9919
6323
5296
7195
3695
5216
7463
12
1554
8739
4531
2519
3223
8425
4940
3836
771
7388
8302
7167
5408
3950
2446
7754
1083
4323
9086
5203
1539
3119
1554
2363
5153
2979
2091
4311
4989
6316
4923
3499
1757
4232
2165
3114
1464
264
8092
3802
6947
8670
9161
5032
6858
5021
6051
2400
6919
9524
1016
1443
641
2288
8475
2682
4233
7128
5601
3091
4836
9479
5365
3264
5684
6646
6260
9322
6608
6418
5441
5026
5244
840
5360
4869
8658
4521
9196
8455
3799
6220
905
5228
8691
5429
4702
7111
4902
554
5270
8298
3275
2459
9271
2476
7825
2386
4781
7658
2087
8744
6631
5830
4561
2570
2045
3842
2779
4834
6217
9426
2176
4382
8798
2063
8043
177
6884
3002
4211
2240
6304
9596
7114
7702
8681
9191
3335
1405
7158
8031
3404
6022
110
2312
1021
6764
2603
7774
8962
1505
2748
4926
6958
8309
2045
1859
9976
4711
3938
7195
8382
4827
3719
1816
728
9044
4818
5131
2416
9082
6683
1751
7928
9805
7901
513
9690
139
1477
6310
9479
1872
2497
2067
7056
6435
6423
3956
5613
2337
2590
8765
1244
6939
8832
8532
3878
6511
847
5925
3601
3842
3438
7668
8390
8052
3851
9821
2429
6052
3746
5386
4737
3587
453
114
8028
8263
4178
8107
4193
7746
9927
2486
8562
9658
5555
2047
6397
2503
7018
2186
2112
3255
1726
7951
773
8423
8075
9699
421
6607
3521
8608
7092
2185
9783
6948
9182
1068
2745
9340
3609
5416
6624
3123
6574
6454
8550
551
5212
886
8139
9492
9213
4707
7079
1570
2959
6843
2110
2807
3347
5492
1386
7819
2813
5531
5230
9262
5191
5483
8434
886
9312
8107
1749
5252
3395
238
4909
122
9740
7542
4094
4248
1401
2333
6404
6209
999
8643
6853
5561
5468
8589
1021
1615
20
3510
8658
9817
2985
1505
4090
3028
2513
5413
4965
9873
619
5021
7965
9727
951
5139
9345
6756
4318
4555
4351
9019
1710
9380
8742
2550
3972
4644
511
7764
5664
6338
5605
2855
7516
7038
7973
7549
4337
9230
3135
2592
2322
1047
7461
3153
2321
7094
6484
2516
1861
4947
3429
7690
4828
8148
8362
4552
9057
3586
5100
79
622
9900
5007
8341
6793
2495
3946
1659
5356
1850
6274
6286
4980
3494
783
9713
7687
5195
3807
9784
3717
1687
2889
1122
2397
7661
9030
9611
9409
8238
8155
1151
8449
1350
4361
9799
736
8495
2280
7826
6365
3320
8011
5474
2938
9323
9429
2199
6049
3246
9571
3455
9994
9062
37
354
4015
9167
6941
2683
3946
9472
6773
5826
548
4671
4284
2911
8074
556
1910
5518
3467
9317
1093
9341
7063
1358
6758
8331
1046
4613
8787
7601
6753
2054
5258
8600
4777
80
9414
4700
478
6139
2957
994
6242
6262
4288
5458
6383
2447
5713
8663
5607
8585
1698
2582
1077
9628
383
1569
4356
1099
5400
1286
5677
1006
4598
6718
1408
8185
8368
5079
2145
5580
5534
1146
3836
5580
911
53
5692
2319
7267
7269
9044
7440
2228
7340
6441
8855
7794
754
1549
1325
2436
7491
8474
9619
6256
8560
1120
1875
4441
937
7447
1396
5251
5610
9957
2429
8002
6578
1808
4459
476
9655
9775
7668
9652
8224
8177
5789
2004
266
3953
2054
5910
453
8579
3959
7949
1276
9913
8091
772
1689
5083
5446
7803
8772
6516
2860
7696
9122
544
306
427
2203
3302
462
5361
6667
5016
7007
308
6768
6283
9685
4634
2902
6316
8063
6778
7588
6211
6574
4864
1540
5698
2447
8750
431
5138
5338
7283
9059
9272
4794
8736
5600
4572
5135
25
2294
4427
3757
8060
9307
8155
964
9232
515
1782
6724
7481
9510
8081
5160
105
8657
1333
7365
4240
4615
7939
2276
9742
6683
8271
2119
6641
2704
4290
3402
5646
442
5938
5695
4646
7501
2417
4396
2966
2712
585
9789
2414
8304
9326
9090
4178
4088
7252
1290
8051
9929
1951
6379
2111
896
8381
1786
6270
4076
6102
2130
4341
2437
3444
8942
7654
4570
1171
113
1951
1988
6525
8013
5528
1091
8691
4417
6573
2441
5313
1235
3384
181
7736
674
8200
5060
3084
4182
7238
6948
1417
613
4105
9758
7986
8287
4359
6352
8623
6512
4439
7171
5977
841
4445
1226
2306
9113
1153
9957
5954
324
7049
35
8612
7095
2622
1929
6301
6064
1981
330
5861
4329
4158
1528
8322
3307
2292
3622
3342
6189
4114
9163
4226
2901
3248
5692
3612
9581
742
3523
7190
3265
7235
2741
1075
5467
9636
4076
3481
8758
5253
2984
6076
1675
2762
3868
6039
9461
5213
9938
9243
6158
8963
6336
3582
95
4748
6301
8773
6752
874
4994
289
6504
4512
4252
2406
3818
9372
3602
7781
8958
2659
713
6982
6573
1342
9774
4132
558
2582
668
669
6816
5521
9719
6187
4573
5543
6973
3931
7989
9725
9918
1313
7318
6888
5669
951
7343
1888
2984
1503
4508
5863
8131
3528
3793
7017
2817
4690
4254
3738
313
4638
4116
8498
8975
3515
9863
7948
7176
2442
9144
9350
5032
6295
7842
7287
668
1034
4346
3051
2723
8353
2199
6373
453
1576
9425
9496
8250
3877
6194
6572
5303
6439
3079
8258
2084
895
9627
4414
900
9351
9724
2630
2750
1595
9874
5260
9432
2016
777
1138
3626
8111
8255
5888
247
9059
2226
2379
6855
350
8568
7448
832
5513
5968
347
3937
7819
6070
2986
8234
3995
3728
6122
3153
4472
6094
2010
1920
2354
1505
2159
8909
5382
1660
6385
9159
4979
1600
3321
8708
8309
1127
7556
3837
6417
1594
4360
399
6320
1919
4948
1193
3885
575
3972
5464
8112
7875
932
4010
8722
7974
3274
8498
767
3654
2033
8305
739
6713
2600
9341
6611
4108
6482
4081
3309
7496
347
7618
1983
8005
1200
8950
3776
2735
4901
4677
3033
2641
5073
1055
5543
8731
9310
6054
8395
7102
4623
5665
9098
296
1133
5123
1523
9684
1412
4955
248
9327
5412
8924
6082
4320
1953
7654
6583
8273
5700
7086
3206
2782
9779
6894
5842
2590
2846
5557
4736
3222
5979
4290
9607
165
168
1840
8467
9467
3129
9538
6768
6224
9437
5956
8834
980
1855
6443
4030
9433
7299
6470
9936
9537
55
7328
7917
8343
6910
9710
8717
3375
6457
6996
9372
3020
4357
5699
3989
6951
7134
3823
126
3127
5866
4491
7374
8527
9257
5860
4309
2034
5759
2730
7914
6503
5604
6214
6223
1199
3018
259
2658
4909
1417
6870
8930
8177
7951
9683
6541
1395
7713
6382
5801
1848
7624
4265
6768
594
4992
6539
1664
8251
9510
8784
8326
3620
501
2963
4399
1161
5582
5356
3597
9892
8851
6500
5173
5008
1947
549
7078
5716
9724
2855
6437
2300
1373
3418
6712
674
2792
5380
3177
6349
9786
1811
7857
8687
6687
1479
3592
8545
2315
4719
1954
2308
5373
3866
7983
2599
8094
2542
2678
1986
0
1120
4256
2157
4657
8299
1199
5856
127
9294
3691
8585
3324
5638
3359
8692
7335
6221
6554
4070
8861
2627
4319
4472
774
1579
2457
8325
8719
3491
9507
4581
5931
8090
1437
3513
9248
6414
6581
1862
339
1901
8273
1612
3335
8191
6049
761
2753
4162
8018
2359
9767
9278
27
2361
7014
6816
2810
7068
2283
2067
6370
9945
7152
9285
4508
6584
8745
4799
6922
4243
6293
3488
7699
680
3871
9915
3512
5344
1808
7074
247
5590
4415
3450
495
5795
153
1023
8574
713
9815
9517
9282
9483
2262
9918
4199
7895
4017
3714
9703
3214
1248
5398
4532
3656
3558
7749
2819
1356
3037
8550
3801
9860
2350
723
4202
9967
5625
3011
1224
2057
6781
1939
7206
7652
1300
3239
8741
1035
6785
5710
8343
7809
2835
7555
8416
6020
4773
662
2283
7197
9855
9175
5116
7257
7290
8245
8958
968
3869
5041
2300
7606
8890
3439
2416
6671
7430
2587
3797
2609
3603
3880
2932
3433
6737
2729
6358
3918
4113
1939
938
63
9625
2765
7379
6674
7181
5419
5701
3629
3448
528
5567
2961
9867
2651
9775
2689
5121
584
4301
9642
6428
9412
4551
1014
9492
9438
6943
5741
6396
6887
5212
5047
2216
8675
1151
3283
3777
8234
8242
5206
2464
607
8436
4297
44
4646
8947
9224
8512
6953
6626
2341
6266
5468
5398
1852
1479
6696
4133
983
4924
3112
568
8170
2431
2619
698
6430
2709
6850
7449
476
8344
1617
3903
1206
5467
4644
4644
4258
8160
3156
8910
9636
1295
1369
9481
9493
8373
5118
3193
7462
8597
3873
7922
349
2179
4671
814
4838
2218
7399
1028
3741
9515
6121
6712
6719
470
5383
6621
5071
5968
215
2780
3127
8793
4247
3113
6533
8301
4007
5683
6179
3558
9440
2650
1956
6833
8204
716
7434
2015
9847
8923
8205
7102
5314
5716
6925
2257
7926
6935
9782
2383
9378
8154
95
6714
8637
2786
3739
7346
9636
4587
5366
1160
5433
5787
9563
5993
1374
6311
10
1343
4576
5369
6060
9141
3467
8347
4913
651
8935
8331
9067
2257
7225
2000
8601
4454
7833
5468
4264
6689
3079
9413
290
238
9727
2048
7514
4618
6847
363
7404
519
4784
2002
5477
4836
6989
1593
7664
2169
838
8357
7430
9288
8572
2406
6807
3351
5191
8624
8989
9797
5536
3394
8550
414
9003
555
2217
3621
2162
7384
7720
2751
7884
1207
8231
2807
5918
8499
7968
3403
3831
798
4184
8639
242
4171
9787
8487
1437
858
5754
9156
1744
3509
1620
9574
198
5529
5327
8633
1718
2110
3843
1026
6919
4149
3151
5872
5775
4432
6252
6043
3238
6644
39
3766
9301
2316
3233
9175
5445
2145
6214
4363
9920
2179
1216
980
116
5382
5844
1986
61
3463
8826
36
4066
2528
3809
5319
5224
8878
8624
6518
6448
7279
7693
5055
401
9215
8506
6970
6348
4390
6056
6062
6383
9917
5925
2987
3695
6266
5129
8912
7600
4638
876
8799
6094
6836
3050
8672
2285
5132
8401
9945
5862
5631
8580
8498
8128
7318
7339
9070
3803
7654
5640
8172
8245
492
8732
3319
6323
5960
847
743
6793
3784
2658
8451
66
5350
4964
7663
8638
9972
2125
6781
8987
7920
8790
8721
5337
3554
8607
2871
4561
8151
6197
5213
3783
1569
7583
5981
3524
4660
6658
4255
1035
8037
9905
5303
5843
1784
6193
7282
9691
9494
7298
7526
4710
3783
6282
6297
6321
510
4764
2899
3301
6189
3909
8986
7602
219
1880
3097
9244
3679
6778
6958
6952
4006
7913
3007
2888
2707
4574
7747
1792
5092
491
5254
6849
9218
4689
2936
9774
1588
2590
7064
9504
4459
8930
8373
113
7598
7496
6971
2461
9322
3148
435
9962
5231
9811
7720
8525
3698
1049
7142
208
5855
8718
6919
212
136
6702
4617
4106
2012
4404
6506
7834
4075
4071
733
7370
4165
3552
6850
1178
9126
4498
3545
2477
1350
3368
734
8501
329
6960
3535
9973
966
3737
3157
6040
5347
4927
987
9650
7046
4934
7948
8945
8182
2911
8305
8289
6280
9602
4810
28
5224
9368
6671
5929
4893
3216
4083
5626
8250
5131
6676
6623
5601
5983
7458
5997
7592
2093
842
4730
9994
5499
1074
7535
1346
1787
6020
8571
4391
760
2586
2545
3292
936
4006
8014
3646
7412
3670
4429
479
5236
8643
8400
7529
7598
2614
3058
8169
7618
386
8424
5612
8171
2551
6969
4182
2348
7760
7134
5010
4998
394
691
6882
8622
695
7547
619
5269
4345
8055
6280
3982
3900
640
9313
184
2667
8099
9813
4603
3475
1539
7530
7961
8502
1846
8790
1934
1133
6725
4531
9893
71
5123
4143
9521
5602
5934
2240
8847
370
8164
8581
3460
1711
7823
4665
3605
4776
2047
7173
3956
4941
5663
6430
2144
159
423
7590
9803
7213
9796
11
1957
1025
8718
7722
4984
614
595
1626
7401
9881
5878
1046
8625
589
7158
6406
1398
2072
7979
5754
3733
5272
2951
9490
4880
2690
7811
5594
3346
9173
6880
2511
9491
8328
4717
9911
2982
5265
5597
8269
2895
2284
2267
2218
4846
506
7276
9761
3872
6768
9978
6053
957
2909
9287
3432
8918
2014
6361
4270
1400
8931
3251
9801
5316
7645
6620
5757
6645
1852
368
8128
9255
4422
9146
37
4174
8265
379
1416
4074
6138
6869
4604
2480
8869
7425
8422
9365
7480
9051
4945
4301
8464
5098
9457
4647
2172
6075
434
148
7778
7798
4926
5180
8254
6544
5280
8320
6614
238
8594
4245
4421
4972
80
5197
176
4316
5813
1823
8988
7947
6927
3815
1592
3728
1831
6143
6101
8497
127
612
6351
1856
839
7591
1962
2789
8517
6516
7934
8140
1859
6316
113
9799
4788
3821
4967
8114
5535
5523
8366
1712
37
1274
7881
6046
8488
3976
3535
7060
2878
8204
5006
8456
859
5276
8272
1868
1535
1636
107
4511
7473
9995
9487
5582
2933
8493
8328
2892
7388
3247
5125
4715
3203
5813
6541
5310
6999
7532
6860
3302
9302
8665
1173
8513
9937
311
1367
2571
1856
7033
1855
3931
9947
9706
7376
8568
2377
4122
8881
3771
1496
8210
2294
5431
9868
6041
8720
809
664
3488
9379
2235
602
1916
2875
5549
8200
9258
6071
9897
8616
6487
946
860
4038
3451
2294
6676
1777
2477
2429
1165
5801
7084
480
9182
5173
2969
8037
4805
4455
9395
3192
1619
8828
9954
8992
5572
8258
557
7429
9744
6312
9392
3709
8966
365
3761
7985
8141
6429
6223
636
357
1383
5729
709
8939
7724
6563
262
6449
9616
8040
1884
9249
6570
2090
951
7979
3102
8911
4044
4773
1916
9515
9016
7365
8330
5948
2259
5021
4583
6584
6296
9187
9739
9073
9274
7507
4307
1334
855
563
7409
7244
5268
4998
6311
2666
7087
7481
5678
9403
3066
3822
5370
5188
536
3037
3035
4306
11
1480
3208
6136
6733
8518
356
747
4071
398
3594
2477
4115
4626
8504
705
9447
4198
5433
9596
4942
3886
6050
879
4768
11
6487
9943
5917
9826
1080
8926
7419
381
2150
9504
5684
7534
2655
8502
240
1103
5369
4151
3932
5091
562
6655
95
1480
1314
6115
6369
2686
4295
1101
8986
9006
7086
9890
2168
3000
9453
5763
5133
340
7892
7487
7022
7607
2969
941
100
8649
4863
8052
2412
4338
8100
1775
6740
5114
5276
458
8937
994
6956
1796
3018
1119
3443
8997
259
9623
793
9241
1989
7962
2803
6642
2021
1197
964
983
9158
3561
5258
7547
9316
6788
5457
1357
7509
671
8447
3688
7181
2747
1441
5575
841
234
1248
6145
6338
7407
28
8552
6738
5973
7660
4790
632
1137
5625
5321
947
9093
1552
7811
6545
6424
7406
3555
361
1284
3254
667
4353
1481
7924
260
9653
4543
4590
537
6485
5208
7538
4269
1037
1142
3702
8945
776
8726
5317
2287
7655
1471
5838
3955
7688
5259
783
8238
1270
3404
6472
6826
7946
3227
507
8474
1756
6856
5027
3899
1870
2522
3041
1706
1651
2002
2907
6742
9407
4136
1060
8249
7409
6830
1321
7046
3403
1938
2010
4452
3758
4523
5876
4228
1214
7410
8537
309
589
3565
2162
6805
5077
230
2825
8005
3101
271
958
4878
3105
2104
6115
9563
7975
5925
424
808
6999
1327
3839
8078
9340
2520
2283
9948
6342
9653
505
9347
8150
7438
7044
2207
2603
5279
9480
5460
3646
8389
4974
2921
6489
6282
4182
5970
6717
5467
9070
4425
6240
661
4568
8314
7296
9066
3925
7915
8367
887
5510
8157
2476
7680
10
4533
3921
4580
900
5907
2605
8302
4291
6893
434
6630
3347
3521
5744
7799
3297
9906
3359
5761
5557
7524
3794
4180
9439
2097
7484
1803
3306
7704
1120
6348
6868
8881
563
6193
8107
6141
6333
450
8943
7207
472
6060
3840
7913
3531
3204
4253
547
3510
7968
2643
3020
5938
5029
2955
5770
8522
7832
9709
7011
1000
7156
1091
7903
4888
6050
6788
2998
2284
8878
2996
8860
3900
4796
7820
4760
4156
7844
7313
1580
2924
9084
3192
9321
4538
4800
7221
3197
722
2581
9971
7019
3511
4916
8570
7109
830
7565
9963
2345
2054
5059
5607
3195
6431
3144
5428
8911
3622
9135
2946
7764
3346
7349
3036
9169
2690
7781
5851
8437
2009
5092
5531
1748
2280
4049
9134
9057
2249
1311
9868
2183
6283
9655
4613
7407
1069
2671
2133
5662
9983
752
6227
6350
1040
5479
2341
6924
67
8310
4383
177
3832
9003
7697
2603
1919
7084
7638
5784
1962
6045
2877
89
305
5872
8424
1732
2488
3302
7640
262
1633
9690
4092
6672
4426
7960
1000
2025
4897
9864
9235
5163
464
1545
9604
9912
9944
1838
7539
9060
7231
5617
3517
5265
3857
4056
3985
8199
220
8861
8854
941
8873
300
2294
1622
5326
7402
1132
198
2064
437
9610
4682
7025
4164
2061
8253
6343
2629
7961
7839
2317
1807
3790
5324
7250
2179
918
5085
9728
8180
1074
4514
6098
5522
7087
7236
1
9255
9657
4569
535
5698
6733
7914
9299
7411
7441
5435
7709
3213
6625
5630
1619
3316
4826
4823
6564
4604
3008
2602
7876
7393
5712
4450
2491
5968
5249
3119
4862
6395
4015
151
7516
5990
6219
6874
3379
2135
9618
1200
4872
776
9782
3318
2151
1411
7933
8803
6214
9311
385
2862
4597
613
5359
5816
2005
3234
3700
9009
6641
8368
9167
3375
8658
6936
6651
5922
3299
6539
8193
5524
8835
4719
2630
5271
8401
3521
6302
1937
1562
3227
5316
8824
1647
6414
9764
1500
1570
1174
2134
9463
6497
2572
9521
8302
6355
9344
6307
7258
5532
590
4038
9504
5075
2325
9704
597
4641
99
7747
7235
1292
339
2739
6930
9340
6243
4687
8040
2799
9884
9878
4462
4640
3942
5494
7309
3174
8827
3623
6756
4976
1181
2949
5920
577
1959
924
7719
4873
3226
8285
8759
2706
9378
8912
5052
8273
6143
4032
3035
7338
9050
1682
5343
4354
9421
2251
998
6225
7297
4566
7544
3325
8451
4875
4860
9626
3318
7202
1007
8773
4946
3939
6577
3916
4567
2379
4790
2752
9615
2129
2959
2945
5252
929
4928
181
5181
3176
7724
256
7655
4512
1348
1240
9578
7732
6527
3071
7543
3627
3803
7182
272
1581
6457
9893
3725
2560
8420
7901
7576
553
5661
3008
463
6771
3652
485
8356
47
7001
887
8039
7434
5546