147
588
9299
3646
7002
5528
8441
8941
5150
4516
8642
4984
9741
778
271
354
5767
1473
6166
2318
6397
5109
8836
2540
1984
7375
2454
5676
6166
931
6630
6990
9052
9300
9665
9947
7084
8206
1074
5987
3939
4075
1947
7682
3334
4081
1357
3621
122
9868
9182
3945
8361
1281
1732
940
3052
5863
5635
6439
1719
3614
6266
339
8099
3944
9302
6918
9460
5870
9521
9463
6880
4869
7943
8239
1477
7347
9642
4536
5481
1836
2060
6100
6481
2272
8007
888
4708
7288
2989
1299
715
9414
428
8655
33
8371
2825
5729
9154
9802
5979
1213
8311
7858
891
6795
2775
6839
2755
6098
7941
8261
5493
7460
9286
7344
137
5170
2459
4544
1729
7468
6560
6505
1486
8586
7292
8239
9848
7075
600
8809
3149
1682
3786
4833
6394
2850
6134
5671
3681
6219
5349
9271
6332
6353
1696
8570
3951
9718
2916
7477
2442
8598
797
9985
3326
2184
777
7995
5716
5052
8025
692
9868
947
4487
4218
3251
6145
3498
219
5757
7235
6294
2317
8793
2861
1524
4371
9788
6401
1280
1876
9633
3938
5230
3561
1226
497
9220
181
7734
4550
527
9782
2357
163
7151
3231
3337
6057
7072
2835
215
3515
3227
6236
1937
5501
604
1202
6222
391
3486
6606
4101
4339
2884
3735
7480
5664
5776
1768
4563
6979
1959
7041
9133
1473
906
5904
8889
5529
6964
754
8166
4088
7697
7302
4795
3532
6247
758
5306
254
2706
4542
9937
5194
499
8801
5921
7404
3251
570
468
9907
408
7808
4654
1307
9142
4293
684
3575
2568
6264
6943
8755
1023
1420
8820
5851
6770
1246
7303
569
9778
2420
3902
8447
7788
9889
5126
7132
5978
2496
4874
9256
658
5287
1481
9444
3296
9161
4605
5031
3604
5191
225
8059
5671
4882
2154
6019
683
4252
5166
3359
1884
342
3438
7817
5684
8906
1813
2127
7166
9309
7749
8032
5456
4040
8563
6824
3453
1750
3825
8406
721
8014
1272
5909
2585
4358
2414
6018
814
4519
8318
807
6948
2026
1091
4106
521
6647
766
3995
8457
3849
2531
1111
8073
5130
9074
4405
6865
3433
3855
4446
1534
7453
2421
5009
2909
2605
456
458
9629
141
9850
890
7518
4340
7949
1385
4311
3835
3251
4404
6796
9712
5143
5382
7284
93
3004
319
2229
677
8584
1070
4767
7083
9970
989
1170
4510
8694
6073
4734
2572
2824
3407
781
8446
5212
1193
6245
3480
1531
7839
6565
4581
5744
7914
4810
592
3499
7656
731
801
3926
3454
6785
3821
7484
5677
3757
1452
627
2330
7305
4364
9935
1119
6591
4203
9434
1022
5331
4900
6946
2838
737
2431
636
6919
3060
3319
2199
5553
4815
5848
5414
9495
4358
6854
581
519
180
5619
2616
6682
9353
3764
1778
8846
3842
2991
1912
8572
7595
505
4508
4562
8441
8987
2692
4558
4027
9733
5372
2652
7614
280
3607
9008
6634
8608
7951
7594
8364
5772
5678
2842
2635
9975
3250
1669
2045
2937
8558
4130
1534
5670
8187
7273
4039
8639
4277
3345
1385
997
9590
6411
4311
263
8458
5083
5539
9885
417
7783
4744
4760
2456
4835
9917
2313
9234
685
2959
4203
2798
1430
9551
2133
6
262
6037
6170
6449
8016
3276
875
3491
7499
9936
2330
5178
3024
1259
2139
8586
911
7255
4047
697
4295
3993
8637
8801
5694
697
3705
8463
8333
5765
8763
6629
373
6634
8505
5116
5558
1511
4028
2798
4400
9618
8861
7129
7442
2987
4454
1302
2075
5154
5902
1499
6684
2719
260
220
9267
937
3213
65
4262
5163
5673
4631
4906
3269
5142
4534
613
9932
8319
9682
5482
4934
6324
6306
8997
7245
2137
433
4022
3905
822
7734
9631
930
4028
9467
9642
9195
9826
9184
5605
660
2162
3151
1537
5983
4894
5699
7020
5231
5805
1838
9287
8926
7708
1160
8642
5861
1025
3313
7030
4538
7480
9567
6196
5768
2431
5789
5415
6909
8647
241
27
848
1840
1717
8859
347
7170
8612
5544
7119
237
2440
788
2211
1982
5759
2098
7333
152
8373
7296
2979
8201
2770
4728
3376
1584
8518
2091
6087
741
5792
3759
4453
2043
442
1503
6067
248
8463
2876
9712
6020
7055
6749
1299
8919
2453
211
4314
7601
5269
3442
8472
8724
5346
1803
2006
8592
4259
5469
2294
2587
7612
5512
2187
8819
2254
6117
3559
4311
51
2190
8647
6561
8679
9733
1463
2505
9504
1435
4549
1474
7874
1245
5414
6653
7684
3987
2700
3995
1666
9290
2983
6674
2816
8448
5904
8086
4971
1614
1016
3429
5090
6277
2517
9474
5861
5254
1551
275
5196
2104
858
9255
7568
2387
6222
542
8146
2649
626
1775
5004
4204
7730
9499
4942
5564
7398
5988
6757
8477
4872
6701
6319
145
3351
6021
9309
7056
1945
4479
9305
1971
5225
2614
6794
687
7992
1825
8602
7470
9754
6571
4785
871
8368
7099
4809
9421
2253
4590
2232
8242
7673
6598
1115
5369
7618
9323
9787
5058
4418
9082
7991
3554
1784
4258
8420
2241
2512
137
8681
4264
4483
6296
8805
9868
206
2582
589
1413
6464
6719
9903
9257
1712
8431
3133
2518
4651
663
7227
3027
4714
6010
9525
3276
2661
7588
4388
3187
7082
4659
3781
2347
9525
3962
4621
4169
101
5083
6594
4329
3774
3789
6723
1522
6081
183
5793
4273
9894
379
7533
6834
1356
1775
3347
5691
152
5556
3663
1714
2644
3050
5221
4844
2967
914
2001
3507
6323
5402
1935
4022
2910
7194
1528
7498
2754
3533
3717
359
343
2315
676
1020
5910
1391
8
771
6456
8376
5922
549
796
9614
9403
9034
5382
7620
6084
2838
4306
7766
292
7760
6137
6107
8798
1986
8809
2215
6151
6850
8019
8250
3057
450
5931
9214
5559
5960
2412
7222
9795
7551
6792
4496
4902
3197
8818
9702
1939
3511
4522
931
2222
2431
5207
2136
3802
5893
8507
943
109
9791
1671
7522
444
3106
7986
9961
6736
8611
5770
3224
2732
5844
434
930
9236
9081
56
720
8611
4550
535
3848
822
364
1233
5851
1423
3281
8753
3596
640
3878
8258
2871
6341
3232
7334
7964
2726
1579
7596
3241
4589
997
2162
412
6465
7890
436
2289
9951
6184
5403
8187
1357
4712
7417
255
1129
6427
7639
9651
7224
5137
7128
1984
6117
5286
9044
3134
1617
4001
7916
8270
8225
8333
1175
1600
6770
7890
4183
5491
5787
3516
968
9815
3368
2956
6789
8372
1738
5378
3920
1483
6864
2709
8070
7098
1067
2190
5375
1474
8868
1811
9406
2503
979
7202
1902
2351
1673
7177
157
708
414
457
6141
3962
8695
2140
3313
6061
8628
3698
4244
2237
3517
401
167
5860
4106
1376
3345
1328
3272
5608
7337
7702
558
6491
3569
9885
3809
3549
4272
717
6012
6851
1374
7594
2814
834
8512
7307
5205
3619
2256
2043
5451
9236
6067
1043
3068
2689
6873
3922
1510
4222
517
1263
7127
7007
4308
9295
826
4894
4504
108
4804
9091
3512
3454
4632
9510
4027
3901
1347
4040
7471
9263
123
9303
8849
9030
213
4419
9091
5146
8820
4371
2846
1131
8160
9882
3793
7662
2927
1793
7600
204
6892
1205
1128
7879
6854
3450
6975
4134
5400
499
9190
1357
8690
5854
9092
5204
2141
3806
3036
4904
7809
6052
6710
463
9416
5403
3675
7515
1744
6553
8009
3543
3986
1603
770
2908
3749
9007
4145
902
9196
6832
7447
9893
2051
4513
9577
8076
4007
2021
3808
6966
3249
5088
4561
918
7763
431
4967
1697
5695
9360
1109
7430
9173
1463
7715
207
6333
4925
3418
2440
8655
5866
67
2759
2362
5006
7024
4610
30
2773
4679
2850
5525
9489
7040
9145
8763
7094
6342
1277
4777
8224
6132
327
6122
402
6113
2583
2158
5703
5733
8500
2484
2545
2438
2464
9493
6856
7031
4543
2121
659
4065
932
1181
9603
6312
4993
3103
2146
4037
4329
9273
3797
3133
6587
96
8439
2585
9906
4382
746
6937
3140
8256
7654
6404
4087
9822
9535
3886
873
3791
1003
8606
663
9694
3360
540
982
355
9520
4594
7984
5608
6526
3334
2165
792
1578
7633
2674
2062
9748
822
7882
6308
7044
950
2793
3009
2395
8047
2573
3601
5883
9113
3024
5252
763
7645
9702
2216
8924
3676
5726
8750
1276
1628
788
2507
9806
9421
8477
1125
6876
7533
7257
2044
3794
3617
8877
2842
3289
6677
6833
1816
3818
4608
2608
3966
226
4213
1720
6224
5955
2889
4829
4775
3918
7565
1044
3054
3270
2358
3963
7504
6249
6809
4144
1626
7252
6124
6585
4377
128
1885
2854
7897
6237
5586
3377
5855
5256
8670
9947
1885
3575
1333
2309
8552
3689
8906
7058
7274
2792
2252
4560
5026
7810
953
6859
5641
5168
7492
8906
7107
8237
4504
2273
7466
7867
5543
2309
1123
2482
7046
4255
6106
300
7981
9589
5207
7326
557
8728
2095
3968
9437
1274
4659
1731
4553
7275
8288
8170
4441
9577
2956
7279
9247
5186
852
8652
9373
7421
7083
4842
4889
1234
5789
3849
3004
9708
6170
3418
86
5263
5462
5797
790
9144
9541
9865
5913
8889
3730
6402
977
3598
7043
3879
6649
4288
5024
8098
1009
9391
6804
7386
1363
213
8273
2598
2745
2101
3327
6685
8251
9286
1375
1116
1449
7231
1267
3716
9517
6252
9283
5905
9553
5553
3956
4719
6607
8549
3046
2046
5283
4280
4047
6080
4238
9913
632
6593
5585
8888
1766
6980
3386
4281
2400
3510
625
1095
811
8743
2892
7126
2153
8967
2752
3788
7288
2610
10000
5985
5050
1241
9838
2247
7885
2021
426
7538
5149
26
6629
6353
139
2574
7577
6301
4728
5453
3194
9898
4097
5891
599
4714
8029
6781
32
4189
6289
6783
1660
9758
4920
7520
2310
6653
8608
9073
6110
6820
8525
4956
7406
7500
2979
9780
2686
9099
3439
7612
3934
5718
7675
5530
6243
2273
8030
9145
9956
4364
4367
1607
3202
4508
7968
7299
3347
5292
8157
854
2255
2092
4314
6328
8679
6596
2162
7455
4534
9938
3939
686
7574
3910
7639
3821
7281
1431
149
3042
7684
9392
2206
6276
8095
4224
5853
6619
4922
6154
1878
2942
8486
4616
5963
5816
2077
1799
8360
3879
9099
8323
3719
5895
533
4
8603
7056
3338
7186
625
3417
8595
1517
4024
1745
9282
5351
8033
9084
8981
9374
4403
131
2556
3433
3212
3732
1796
8247
5682
4333
8058
4547
126
2799
8065
4959
2126
5533
3274
9561
7990
2768
2067
641
1555
4351
8913
5847
6531
7146
5169
4553
8210
8438
4252
8399
7896
1885
9080
9352
5102
8130
5051
1266
4428
301
3874
7553
7512
5243
2016
4153
565
8606
5929
8802
198
8669
7927
1590
684
4285
2974
4074
7711
6575
4935
8222
9965
6306
1743
7601
954
2891
5116
9430
9549
5755
3439
3060
9355
8093
5487
3347
7949
8055
6346
8357
1027
6134
9709
4638
7908
8294
8826
5810
2497
5082
3640
342
1108
7628
3095
4271
9998
8993
3286
7139
3668
3738
7768
3096
229
1135
2927
9943
8595
2555
8306
4895
7936
9263
1441
5921
2736
9443
4981
9494
1577
4591
9033
7776
2578
9241
3926
5168
9627
5024
3167
2435
3733
8284
2204
8836
4375
931
2258
1619
3412
8400
1179
935
7086
9364
9057
1122
7861
1469
6778
642
8642
9465
2369
7785
5509
8854
1020
3566
8199
8363
2063
3147
3388
7238
8902
3493
4897
9167
8988
2583
9878
1764
5171
4746
9966
3298
992
9425
8946
5729
7441
7285
7738
8252
5813
5088
7117
2304
9240
2347
5950
9469
3402
7019
5250
5916
3485
5713
7194
9735
5675
4760
3250
7160
7892
7856
5610
3852
3335
4380
3735
9857
144
9561
1502
6889
3294
5865
8877
7886
6436
6047
4085
2636
6084
2613
1234
19
885
4181
9367
9149
872
233
6248
5905
5751
6582
2662
3933
5350
8374
7267
631
8850
8311
2040
4547
6073
7850
4966
8854
2374
7245
4443
9763
4933
7582
7530
1650
8143
7029
4466
9712
7256
7077
7555
5055
1976
2344
8349
7728
419
9141
5923
7035
34
1642
9292
3479
121
1336
5646
8194
8314
8045
8723
3076
9175
7842
1466
716
370
6205
4642
240
3164
1673
5201
7447
1551
7284
3865
8160
5889
528
396
823
1408
6196
6584
6706
9528
6411
1297
3953
3887
6068
4944
5016
9039
7044
3255
8299
1824
9540
9644
563
5212
3464
6241
5723
2864
2474
3654
1718
7222
5297
9256
3230
9381
7437
8697
5027
9835
6860
2860
7571
5391
3154
8007
6472
390
2073
6597
7272
8860
8257
6243
8308
6546
8013
44
202
6265
7810
3585
266
1367
5478
858
8341
6883
4495
4712
2122
4182
6990
6667
8314
9800
5522
8199
9207
4265
3478
1894
2346
4384
3305
2188
46
7522
859
5053
3938
8808
8129
4734
9752
3421
1218
9416
7311
1271
6591
1899
4415
7082
6268
9607
9667
7302
8530
6867
4154
366
9510
6584
5432
6245
3238
1328
9599
6876
4103
7637
9025
6015
6815
3905
6314
2377
99
5627
4479
8664
6002
404
8389
2794
3784
5616
826
237
3364
3136
3427
3995
8741
5092
581
7662
1982
2287
9132
36
4678
441
8957
4317
600
594
7112
9767
4699
2457
3668
9172
9760
292
2176
9493
7411
418
216
7072
4902
7282
5073
5827
7255
4508
5341
2191
8712
4529
876
4349
217
4574
6463
4978
2901
42
7560
3107
1792
4592
4300
9361
7508
7414
8931
3919
7643
2232
7543
1193
5858
3794
9193
4344
2801
333
5189
1995
1480
2171
4245
6516
2406
7926
6383
5464
9919
2165
1115
6509
3450
5535
9793
9480
7438
254
2433
5962
8205
9420
6145
3098
9167
8230
7698
5312
6683
5654
9640
572
5487
7996
6970
7948
5714
2029
3515
2192
1020
7709
6402
5636
2235
6533
7869
3871
1820
3150
1783
1137
354
1575
9427
6190
1379
2268
3559
1247
7667
4176
2513
4509
4611
6826
4981
8572
6758
2205
1199
5162
1051
7570
4433
8598
7031
4617
6463
7898
7772
3059
6241
5828
508
1170
1470
5381
1731
627
3952
1655
9786
8927
234
3672
4509
6689
1774
8872
6323
7272
4339
9328
32
9436
4704
1997
4810
3532
3224
8862
2408
3793
1485
9432
3321
6624
5114
6111
7103
1907
182
7180
4960
1377
8892
6932
8266
5783
7512
8712
4522
4304
104
1386
6833
9395
200
4180
8699
5687
9936
713
449
3075
9450
6030
3115
2330
9564
1112
8174
5403
1362
3188
3279
4461
4932
877
5595
7536
3416
9018
1875
4008
436
8281
3483
6130
1057
4019
3605
4718
4285
3448
7895
8655
7117
5760
251
6672
4417
8040
1335
805
9780
4003
4296
6933
1608
1069
4389
7144
5199
7362
5524
5645
4691
8257
6487
1130
693
1793
5262
1122
6345
838
1141
8059
974
9477
8454
3744
4285
7404
9085
9626
770
1916
382
96
9425
934
4262
2515
2751
7126
4428
5990
4017
9543
8546
4362
7364
5564
8219
3711
6439
4147
8915
1428
1832
5033
2218
2266
1220
791
9892
8878
8291
4237
7081
5448
1234
3955
2783
260
5005
3007
5086
9926
6597
7848
4135
768
1889
8451
777
1740
8454
9551
4732
4832
6931
9061
4559
4915
7704
7961
4472
9319
1672
5996
3495
6382
4034
4186
307
3731
4978
1270
7159
2305
202
2605
1247
750
1460
4448
4779
4744
1144
5944
6172
72
7281
3182
3383
3660
3504
8916
9305
6968
4821
355
1862
852
8526
1448
5922
7539
6920
6048
845
4258
9399
4892
7648
8498
8400
6825
6216
6267
5859
4305
7342
3714
1078
2874
8126
7345
9092
6083
4225
4570
4749
5226
3979
2477
2769
9881
9797
3485
6077
1513
8038
9264
7535
8904
8925
7541
1967
1515
4426
466
441
6452
5381
8591
8155
6685
8129
4064
1257
1918
1442
7883
1707
3990
6993
9204
1290
7555
6857
5925
9065
5941
5329
6715
6320
7185
1751
6460
6215
4221
9191
2031
8290
5611
2239
7503
4205
4636
8312
6533
3129
269
7695
9964
8791
6441
9900
5111
7509
9424
5738
8543
5127
3456
9409
2999
4671
2142
4013
5891
4330
1953
9550
2435
7797
2962
6523
1056
515
606
6379
1765
86
8291
8520
8746
3419
805
8877
5434
2667
6042
2883
5220
6780
861
7865
126
2748
5424
1436
461
6346
3091
5507
7883
4961
4187
5941
1890
7135
5056
6602
7772
3619
7657
8285
6358
8676
4772
9696
4940
5833
8485
8046
62
5703
7309
71
7178
7217
1030
8299
3617
9648
8984
7861
9736
8507
8650
9733
519
444
7661
4817
3712
5210
3261
2742
2283
254
9664
1224
7375
8757
1225
4154
6077
2802
6241
6158
9086
9708
9941
430
5726
6165
3726
1739
7673
5132
4011
2212
8172
5060
4478
2503
1315
5092
7343
1275
2608
1044
3806
7080
3965
5438
3698
9440
3730
1814
1693
3879
147
3405
2425
9950
6609
3250
2388
6513
3133
9235
8090
6067
4995
7348
5726
7482
3505
5490
9623
9258
4823
7898
8414
461
9654
6206
5694
3799
8744
6577
9143
4233
8689
5251
2092
9044
2502
2518
8990
8874
2847
9547
8545
4269
5110
4265
3454
5886
1385
6334
9261
7724
5975
3870
7157
3898
5380
3246
6209
8579
2378
8424
3342
5582
3890
3697
8354
5974
9104
7855
9272
9137
6030
8310
7257
8736
909
5108
8409
9394
9809
7066
3028
6134
9798
1137
2734
6412
8065
5417
3175
4013
1340
962
2747
3288
3480
3613
4493
1778
10
2048
3356
8590
9933
5068
3296
8856
7571
8734
3089
231
6095
9586
9042
8551
9465
6646
6117
56
7133
4432
3665
2509
1323
6768
7315
2024
2989
8775
9321
2274
9379
59
3911
6667
1695
2463
6616
8649
5168
4535
2564
4054
8018
3160
3284
5931
7669
9202
2781
5077
526
7512
4173
2894
4741
8068
7193
5708
8601
7225
479
2781
5708
7353
4031
6040
9595
5436
5826
391
617
5931
8631
6838
4804
3696
2509
4733
7242
6450
4152
7016
6482
4147
911
8479
2919
3785
7880
2132
6412
320
2285
6886
6777
6036
1258
5858
3088
4709
4153
6275
2299
5512
6422
7546
856
829
6509
4320
4179
6607
3842
8527
7819
5178
6011
8261
1006
2604
2801
1432
82
114
1918
8917
1979
4602
1863
2395
3473
8712
676
6144
5058
3837
6902
3932
989
6872
8895
9718
8428
6094
1822
7567
1876
546
5184
6176
7246
3585
8440
6855
2368
2481
1455
293
2288
53
5953
5924
228
4419
1882
3725
4643
2845
1115
5479
38
6578
7948
7258
6422
1087
6956
5177
5301
6793
9920
658
4297
8030
2753
2267
3848
9098
6322
5618
2264
4040
8899
3369
3690
7216
499
7363
5986
2681
9066
4492
8576
2800
447
9335
5956
4768
385
2155
3724
8888
9146
5397
6660
7619
2739
3936
6235
8923
3394
7927
8112
221
2848
8267
7253
7939
1731
2869
7750
8547
4972
3925
8744
7643
3348
2469
1751
314
1226
4137
1154
5906
8388
7428
1115
8962
5832
6841
4195
715
3801
6925
2233
847
5661
200
3218
9180
8744
8713
8114
5824
6266
2298
8425
3088
4332
1413
9669
3797
7801
4193
8750
69
5343
1738
2945
5224
2803
8309
641
66
3517
5780
404
4435
9880
2957
1608
2865
4645
5247
5037
1773
8249
2016
640
9357
5807
6293
7736
7222
303
8718
9439
661
1144
6723
2410
5927
8997
9586
1050
8658
6552
9992
7937
8395
4744
8656
8524
8379
7559
7377
4303
5307
6000
4169
6237
8267
2242
9418
2384
2041
8049
8182
5936
1351
9736
6541
6554
2221
5354
9451
4739
3888
9487
7075
5806
8702
5317
6137
3163
7123
7640
4091
6690
6937
8877
7046
4744
6209
889
7358
1019
2954
160
8985
6114
5247
7608
2860
4738
5881
2291
8525
6046
5518
2565
8155
8947
7820
9519
8360
5260
9799
4375
8982
8972
7701
4501
3072
8918
2330
5713
2341
1014
5829
3752
7530
4726
1471
6247
1834
434
4984
7285
674
6936
7584
5304
8378
4077
8296
8267
744
9164
139
2799
2973
4624
7293
7073
370
9566
3430
5431
4125
31
2122
5207
592
1613
1240
6580
9586
2096
6352
8866
2967
9470
6348
5072
1465
5277
5860
9120
2185
9154
633
9195
3838
7438
7478
486
5869
6876
9328
7167
3497
3625
2018
4984
9060
5766
2640
9066
4174
1877
7149
8263
4329
6054
7652
2154
7197
4535
2203
3212
4604
4741
2668
11
7911
3149
2378
4768
2129
9787
498
4154
9247
7630
9626
4370
3967
4070
1842
5581
4122
6373
9388
4139
4435
6173
8232
8870
3987
2832
4952
2224
4369
8064
7748
9834
8663
5386
5783
4946
4464
1947
4681
6846
1089
4828
7567
5715
821
3310
6336
6168
3255
7398
4687
1449
2815
1326
9676
7568
8193
6346
3795
802
9732
3979
783
5809
9705
9977
7431
1367
5524
4263
4346
5740
4001
8796
9691
639
494
467
7456
4824
8065
5738
6428
657
9213
190
8886
1048
9830
5516
5794
2300
8235
7243
4940
3555
9473
6834
2350
8703
4497
3823
343
5316
3961
5409
1624
1342
3501
7739
8165
6099
6188
3543
1126
4831
5428
7542
1801
9453
279
5165
8196
8261
3591
4703
6088
4602
3050
7158
6404
2636
114
1241
8479
2611
1106
1253
715
2364
8485
6920
757
1926
2286
9447
1577
4866
9056
7540
8428
8188
7333
4202
3596
9847
7303
1817
1104
4136
3107
8333
5108
9848
2591
1333
8382
7973
5087
9042
694
5919
2903
9132
8652
6078
9221
3953
8467
7551
2268
5419
9108
8407
1453
3722
6553
7874
3295
186
9412
7124
5029
7904
6762
1433
8614
6133
4892
9557
1843
8706
6501
9803
5363
5325
3
24
3577
7282
3451
8347
2474
7157
8003
158
7888
6300
7504
9433
5775
894
6443
3192
6732
3088
303
5369
7329
8762
1124
7152
1206
1330
3066
332
6824
6898
802
897
984
6348
4960
3992
7816
6611
1623
154
2320
2751
3358
4918
3388
9677
3557
7859
2169
2937
7350
4636
6746
9954
2921
3656
581
9431
6454
186
8556
4309
5873
1296
1201
1850
9512
7165
2803
7720
5752
1912
3526
5983
7241
3166
9500
6560
5719
9107
2119
9916
6723
9854
1615
9702
2664
9950
5151
6170
6111
6124
8849
5333
4092
4365
9401
9665
7028
1121
1390
8475
1009
8134
9684
716
4984
4943
9755
8156
2275
9438
8659
6604
6083
4084
5633
2341
6541
200
2972
8732
1466
7285
9588
5384
6576
2839
4936
4061
3448
1822
1509
8652
3777
4597
9532
5677
7409
6249
8220
1938
9384
7631
6094
356
5006
941
7066
1026
8184
6348
4786
3751
2541
7432
3593
320
9365
9376
4464
863
248
2087
6754
9457
538
2928
3111
4455
1841
9479
1195
7677
5491
2795
1317
2520
5037
506
7783
3420
4981
6595
4099
6731
8864
3561
546
4761
2661
7889
7295
5013
5476
3873
9773
2207
7311
5702
5977
5186
7283
2011
4761
9254
8887
5977
3770
3488
9587
19
3441
7734
99
504
8828
6806
2643
9499
1062
1074
4656
2085
8522
547
837
8386
1250
1692
9138
1541
4813
8590
8442
469
5221
75
3351
9536
8739
7936
1681
9252
6588
4924
2839
8784
8059
5431
7816
5748
996
6068
9388
8012
7347
3072
3987
7808
4253
2013
715
9461
4234
2635
5912
5965
9439
7902
4293
908
1584
5063
1010
263
8984
3259
2381
8922
210
7448
252
153
5431
4413
1218
5425
8143
744
350
2832
4671
1010
5506
2033
3723
4589
9392
3725
2047
7117
7236
1012
514
5838
6161
4302
8051
7706
193
9830
3654
4411
36
9447
6467
6957
2388
3290
5647
5499
6051
8302
2110
8666
1444
9083
5939
3763
6187
8873
898
2012
1956
8403
599
5662
7099
866
912
356
4938
5733
2987
5923
6156
6573
3335
4157
7012
5424
3471
44
4717
2176
3365
4679
5481
5847
5597
303
3393
5594
654
1211
848
5578
4165
2852
6976
6115
6167
4258
690
5431
2538
9103
9867
6040
6677
7500
2154
5952
1823
938
7152
8402
7762
6382
4270
3587
1937
8012
2754
4447
292
3588
8213
3778
6818
3113
1011
3649
1361
5590
4489
8739
3729
6399
9578
5992
9836
9631
4318
6447
3321
3280
2347
749
7525
5688
1378
6800
2024
3541
2721
6025
2101
176
7456
4906
598
2178
1878
2233
8878
718
2060
5853
6994
5075
5076
1491
6662
2894
5855
1427
2145
9613
7980
1382
6669
5215
1969
2798
5032
9567
3498
4701
6928
9021
6775
8939
2203
4089
4353
5519
7566
9578
6634
1103
2055
6915
5996
8207
9550
7732
5008
7435
4443
3452
4834
5312
3086
2434
6323
7450
5711
481
6806
1375
8135
2026
1466
8486
4258
2552
6845
7716
2951
9759
1567
8993
5649
6353
36
3493
6897
9638
6669
7250
3364
7782
2676
8854
1632
3379
8956
3107
2118
8298
5856
1534
6828
6526
359
1537
6056
4388
7548
4023
76
1008
9572
5081
2761
188
66
7228
7239
8603
5392
6889
9462
6489
1718
5370
4772
7567
7962
8551
8671
6644
3978
8607
7155
8015
9233
9441
4915
636
7514
443
2512
8467
7542
4946
7754
969
4476
56
6083
8978
4649
4137
2285
1355
9880
8093
9815
6901
6216
4995
351
268
3153
9897
3591
1906
2647
990
2561
3247
1503
2197
4216
3444
7666
3285
1213
238
2015
6051
137
9488
571
5738
8362
4058
6268
6826
9748
4633
6625
3922
4864
5230
6020
6868
1592
4732
2241
9857
2777
6309
9258
9957
8807
4635
2321
5598
6896
1266
5668
2239
4968
1313
3762
3387
5611
4692
9203
5977
8844
9743
9659
7896
4514
4710
2002
1032
5670
2140
3152
4275
2105
3570
1290
4702
7071
7887
5183
4977
9020
8790
2019
8505
6542
5614
1663
3615
9554
6699
6578
8350
4521
9865
3542
6066
7312
5019
4524
9958
7177
6612
1704
3625
6913
7950
9579
5489
8594
8692
6236
8895
4848
5086
4948
7842
7466
427
1618
9791
9400
3226
8661
4772
149
4579
7607
9010
8294
1335
7524
906
9848
9934
5855
4642
7021
5524
7063
957
5958
6361
1355
6284
8006
5964
2560
1242
4818
2243
780
2320
6471
8695
6166
7925
6966
3399
4812
5830
2602
3804
4458
6783
5286
1225
544
6190
1845
857
3604
5019
8245
7788
8652
2918
9430
2731
4201
6109
2703
8117
7306
2142
2284
6030
5471
6516
8299
7722
483
3804
4600
8374
630
3093
6966
5388
965
9839
5484
8971
1366
1653
9837
9798
5268
5603
5326
1200
7874
1063
277
7704
6294
5343
421
6155
2263
7833
158
7282
5397
6103
2789
7366
2443
2036
4193
5664
7335
6468
1942
2618
3316
9815
9809
6615
5152
4104
350
4812
2509
5978
2278
7070
6183
8980
2894
1978
6339
463
3357
2463
1455
3721
1086
5532
2583
5743
9482
5583
1675
4247
3658
8942
2173
2150
470
9877
8234
9694
6336
7741
734
3035
9350
6456
4858
8397
8352
6310
9193
6949
5708
5095
3209
5833
5383
1038
9821
9283
9342
5816
2461
4806
1236
8666
6491
7410
5139
7844
4058
4976
6262
4892
4693
4453
5401
8237
5181
3972
3261
4890
4769
6653
2730
676
2237
384
487
2926
1820
3113
9778
2896
183
8758
5156
3398
8467
7315
7102
9881
4569
8263
344
9060
9412
3204
5592
4001
9372
3499
2724
2605
8294
517
5806
6198
526
4008
7031
5053
2045
5488
6854
8808
1703
5232
987
6727
1698
447
7825
3428
9825
480
8080
7666
5485
5719
3470
7850
461
7490
2733
5781
2046
5329
6723
9780
5342
6406
8856
1945
9522
1951
2138
6093
484
2991
2945
6842
7143
1853
2345
5255
4109
4619
1430
6763
7178
1721
7229
9833
8051
691
7013
7782
6258
4341
339
1233
8449
3061
2589
2951
8612
3910
2440
9459
6863
8674
567
8656
7614
9849
2405
924
6459
171
8522
7775
5397
8827
4881
1533
7472
3248
6757
3043
7751
8192
4764
8613
9641
9239
6793
164
7678
8661
4087
8562
2523
4058
6078
3978
8014
282
1630
7328
1771
1671
635
9262
1540
2776
7490
1298
2473
7316
2326
461
252
7484
6218
6813
8376
7425
40
3882
5810
3456
3425
7946
4193
3429
3266
6694
5089
8155
5402
5445
339
7393
1061
3297
3793
9798
4285
3099
3403
5673
5405
4487
1773
2786
1763
2920
665
5168
4383
3457
4645
6671
2636
9716
6089
7244
3673
7587
9934
2197
3449
2637
3707
769
9063
743
7327
9656
5978
908
4720
911
330
5176
9384
4632
5516
7747
7873
5240
3488
7445
1858
8655
9475
3847
5774
3297
9128
8702
8477
2801
5021
9739
5951
7789
7163
9992
7741
7809
4717
3862
9224
5141
8177
3482
9700
1880
4494
2604
9876
7891
2427
678
6231
3453
4265
8113
1433
5534
1714
1905
5797
4550
7369
2241
6547
5679
103
8785
8735
4142
205
7424
2716
6101
5572
5501
4964
3841
7408
38
9840
6078
5996
7683
2738
1514
1553
3509
4316
9226
4592
3984
861
5583
3591
6624
2811
6535
5548
9574
2127
8322
5107
3762
436
2410
2952
3172
1319
8658
1602
3735
9799
3613
4234
6789
4022
6717
1595
3293
6836
9120
210
2604
1978
2912
7429
3902
9909
7510
2334
659
225
2516
6220
2373
9512
5953
4571
4332
9060
729
1954
3042
914
5820
9816
3196
5773
5908
8462
1505
9387
5911
9081
2378
1774
6929
783
4288
8635
9452
7406
5596
8546
9425
4119
6211
7542
9840
515
2930
5119
199
5097
3565
9992
3719
6124
1544
870
9414
6738
2079
70
4891
676
1977
9876
6297
459
6218
4997
2701
692
473
373
8348
9965
9967
7822
4697
31
1757
2617
6455
7687
384
8676
5119
1700
2114
20
7712
9127
4754
7290
1980
3777
2865
7038
1140
3352
1173
5568
3396
7669
607
7294
6075
1655
7403
399
1212
8929
9833
361
2280
3792
6633
739
3194
3838
8097
4669
3136
7032
6246
785
6481
1601
6224
6425
4048
5941
9776
8598
793
3472
9525
3915
8152
6275
9140
3026
8410
3849
4273
3487
6421
5055
6247
1156
9422
7546
9871
3171
1787
3311
2606
4588
1301
2001
3223
2259
8955
8508
65
7769
190
2789
8476
6662
4134
4970
6009
6320
2249
223
1131
1766
3959
4098
3061
7941
3422
2016
219
2636
9413
9822
3803
4765
4528
6533
2165
8660
3975
9450
3342
5616
2861
8200
4276
5310
2038
5675
4103
4271
449
5038
6145
838
6779
6519
5335
8252
3979
2502
3387
5093
2329
8561
7381
6996
6631
3629
3822
7508
2567
8743
6883
7719
8920
8288
7485
1181
4526
4843
8460
6367
8993
5415
1599
5739
5367
6428
7212
4346
270
8885
2810
1850
2284
6248
5231
7070
4473
3629
2352
8936
2177
27
3625
706
9543
8880
7759
4421
1111
115
3758
418
3497
7944
3886
6771
2768
7553
9341
1471
9772
6892
601
6813
5645
7499
1144
5900
237
9819
3274
3825
3419
16
4236
389
711
45
4612
2926
143
7119
7967
3237
4670
5287
9921
7448
1959
2327
7716
2441
4864
1912
3550
6523
3471
1070
6182
8530
1913
6559
8040
4283
2585
5592
3924
7315
1942
3329
4198
9929
6057
235
3784
5608
3912
318
2775
9069
4212
5124
3463
4588
7053
3065
7128
564
2433
7831
112
4661
942
7084
7316
8840
3367
8785
2922
8878
149
8811
3503
6893
6795
2257
8807
1873
3030
8582
5714
6036
2226
9557
1243
14
3396
8004
6422
6359
8456
2000
3323
1702
716
3646
7155
4223
2955
9562
6307
4310
1151
3258
5612
3973
2863
3309
9895
4091
3270
267
6812
8447
666
1634
6128
7088
3212
6988
3248
4914
6173
7082
5252
8719
1477
7995
5610
5180
9411
8517
2496
3100
5758
2630
3734
5773
6733
7127
3745
9917
9388
2288
8303
1316
3559
6950
1244
9673
733
2997
9563
2370
4130
7031
6611
908
1005
6790
3617
3642
6505
2876
6231
7673
3036
3384
4806
3153
7691
2113
7665
9741
6200
3208
8274
2800
5768
3132
4330
906
5570
7490
2783
6196
9438
2300
3597
7412
5147
8256
5719
4828
4319
1584
6577
2605
955
2516
3781
9355
2013
5686
8315
1707
2115
9902
2876
3780
2251
2058
1466
559
6392
2211
7621
1680
8179
7836
6567
6639
8584
1692
8299
1281
496
8050
6368
5391
2298
1775
6500
3795
8273
2399
6262
7546
4496
5885
4838
8683
1181
1205
4056
1713
2456
5764
4952
7082
7679
7449
3003
2682
3181
4537
2365
5354
7281
2648
1283
542
4119
5711
6184
9556
3667
312
3046
9943
366
3547
5045
3271
1464
7847
4050
7108
7854
8951
9430
705
6745
7266
3643
8397
5582
1183
2911
9678
8801
2232
1154
5310
8853
4338
9062
2201
1635
8006
2733
1455
9034
1704
6124
3444
2372
6513
7326
731
5960
9671
9798
802
4446
3081
3985
2074
8185
4256
3503
5831
5511
3199
319
179
3607
2958
8130
227
1274
9473
2996
6286
4146
1932
8784
9450
9151
4725
8326
4616
4303
9297
1346
5691
9727
6764
8349
9704
8158
8461
9617
4682
4977
868
7619
8815
2460
4344
6389
5948
7084
6801
9450
5789
433
2242
4182
2301
8848
9980
6276
2884
1082
6648
8368
6561
2274
1043
3908
3501
6971
5935
4304
174
9665
8622
7793
2709
2497
8971
7310
3933
7933
9802
6115
7899
8961
5123
7024
8188
6492
9874
5056
1978
3482
6076
4087
329
6360
5431
3924
7450
2558
1981
4765
2282
8371
3542
2151
9598
9200
5660
8330
9628
9571
4521
928
1419
7171
4770
6334
7541
9661
9024
1874
6832
976
4611
8437
8559
664
9144
5435
2418
123
1350
8732
4754
1287
416
4491
1508
6404
461
2200
2840
2893
9342
6363
9611
9465
9339
8515
1118
9802
5549
1320
5905
4804
2540
5701
7014
8755
7353
4265
2837
8529
8729
9673
5520
5304
4532
9775
9151
4985
7974
6426
3360
3892
2260
10
795
8737
5542
3230
4930
5862
816
425
7345
2894
642
2140
884
9478
4956
6379
8725
2213
866
2950
4504
2360
6611
1762
6030
5211
8090
2002
3035
7453
620
3981
9750
4215
2883
5484
2890
1863
8745
781
1598
1455
7230
5017
2950
2919
4292
303
2631
7129
9582
2903
4620
3422
8254
9304
1123
5679
7447
1622
6033
4901
4894
9212
9070
9943
9911
2974
3478
5855
7712
7684
3406
3581
885
7287
3184
8014
794
8545
39
5272
6269
5103
2362
748
6814
9809
1382
467
5998
1705
3456
3445
177
690
4382
1774
2861
1697
1811
5047
9292
1326
1403
3831
1878
4765
6284
6094
5247
1700
6634
7049
1290
3768
9808
2624
2301
154
5387
4793
7694
8251
4328
5604
5662
9797
5063
1636
3021
6533
371
7728
6975
2708
7124
2393
9572
1935
2468
796
8743
309
1129
3759
9208
8717
9425
4500
2681
8869
159
5785
4004
8308
5175
2121
6064
3228
7105
7546
1095
6744
8843
5351
7074
8922
5258
2414
5587
6849
4694
6685
3292
662
9157