8837
9430
5034
2328
4555
1169
9399
2073
7253
3093
1106
6897
7229
1815
7610
4455
529
4084
8310
7070
9750
8148
1326
5644
7426
147
3260
8314
6389
8400
7510
6045
7924
5525
2172
5039
1080
9454
4675
9381
7315
4527
3786
6288
7566
2131
8052
2828
3944
5738
1242
6341
6086
4231
2429
9811
8925
5990
5674
3044
5629
708
2688
6673
273
4823
6327
547
1605
302
1114
5554
5867
772
412
5791
6152
1429
5183
6847
456
6251
9540
7573
3556
2810
6600
964
9433
2956
5846
2034
4944
6092
265
6895
221
8038
2846
7360
8510
7309
7353
5872
9436
4559
8078
4448
9744
758
1044
239
9902
8097
8679
3130
1529
7633
2733
5269
6530
8832
5707
7487
3811
1638
3056
1260
8204
9093
959
6342
8066
3603
651
6855
8495
2312
562
9050
1796
6043
9898
1842
5071
2699
2424
7143
6515
9480
4108
4785
2324
3770
5002
9317
8887
3366
8903
3480
7487
4549
9718
4442
1300
5834
4368
678
9663
2300
6190
9992
688
3619
7408
1022
2627
6036
1471
2173
7975
6829
6428
7675
3616
1452
5627
3378
9598
414
4410
7141
7793
5832
9653
7703
1619
8574
9103
8605
7534
706
5155
6771
5500
4486
9388
9076
300
6711
9151
4302
8696
8360
7958
4866
3518
8842
7742
9015
3138
3160
9102
6245
2148
7207
8387
3452
6111
2314
2756
6631
8903
8187
2483
7406
8060
8755
8622
5673
8977
6045
2374
8861
912
2816
2158
2823
2325
4077
1101
5041
6054
8199
6183
2888
8439
1646
8500
311
5917
1239
7694
4858
9718
3867
1720
618
1560
3302
5227
1851
1222
1271
2893
4046
462
9816
1648
309
4131
5114
2115
699
6874
8295
2632
6727
5034
4579
2852
7811
1645
2733
4988
4242
8617
5582
3999
8754
817
6755
5401
3616
543
2062
4963
8341
6046
5545
3969
6986
3346
8698
5024
4305
1151
6232
6070
6199
5144
7006
521
2705
5329
3094
4877
3720
3888
2027
5820
5774
5718
3042
4542
1567
3584
9400
5698
4785
3824
8427
948
6093
1659
9537
7544
3873
806
7708
5795
14
7129
619
8138
8871
2797
7186
7189
4184
3708
4777
3824
4870
6182
9194
170
2218
7918
1673
7868
8458
3540
5019
2059
6026
9615
6970
6645
4068
8294
8405
4567
6623
5864
8433
9468
5631
2787
2553
7442
139
1938
6068
9691
1617
9802
4256
8108
5727
3446
623
2951
7448
8677
8405
933
9686
6413
1714
75
6623
7420
7840
3297
9190
8892
2364
6137
4688
3781
2563
5548
6504
81
6845
3670
1571
6390
4519
3622
2928
772
4660
5889
3390
3767
5132
7323
8331
7673
3581
8696
5485
9782
3976
7755
5087
8780
1110
7586
6513
9748
8586
9053
7829
2281
6279
837
3587
2365
6921
911
562
5238
1519
7314
9368
6046
1405
1361
625
3403
6849
9885
1936
8439
5510
1394
3600
5991
8332
9064
2817
4614
4259
9228
9650
4408
526
379
980
1642
4412
258
1295
9999
2362
4208
422
6118
7014
4118
7038
9593
3235
3312
2812
5983
3855
2747
3676
4971
5770
6749
5819
2344
3786
6623
7879
1797
6535
5122
1514
2368
5479
4762
5957
2248
1740
4342
8821
9296
8178
465
2229
5848
2612
7412
7889
1043
6244
8006
7678
7504
6621
6688
7220
8801
8040
3895
1078
3425
3968
8987
6864
8241
5489
3652
646
1607
8729
5627
5225
1727
697
7418
5715
2578
5893
6585
585
4274
4517
2519
1583
9175
4492
5003
9712
3693
9323
6241
5825
1281
5889
7851
3569
827
7911
7072
5180
94
8370
4752
9669
5598
7795
8788
6981
7939
2483
8687
9016
7112
8763
5777
8999
8360
4973
451
3939
9540
5711
6499
7388
9572
5532
3452
7900
4976
3974
5372
3445
6834
8096
9603
1086
3700
8939
808
511
3577
8524
7977
3610
1467
2390
6326
6133
9637
406
8093
3166
9774
1860
2543
4064
9
9936
2807
4824
5146
6683
8007
6865
5029
4952
3021
1970
5093
2302
1114
5241
5296
6819
9891
4950
8027
55
4710
8621
1231
1814
2387
2386
2238
6586
4614
1832
2042
1200
793
7887
3527
89
1376
9118
5354
5124
8333
8256
3150
901
1281
9856
6199
8840
805
7588
7189
4911
3873
989
8942
5193
5035
1386
4060
3146
7089
3594
2307
3069
2576
9589
6171
4665
5494
5102
6181
3895
415
2289
5298
8007
5105
3568
9765
6123
5834
6043
9755
4437
6699
2409
3776
2234
8300
2149
8104
8188
6116
1106
2067
3045
8671
5223
6755
3179
8631
9892
8519
3153
5033
1932
9015
4159
3460
8403
3883
1331
5360
2787
8481
1537
2910
6500
2157
8421
5346
9893
4713
7305
6357
6131
429
8915
9329
3153
7079
6673
2047
9397
6633
3432
4857
2973
2559
7010
4127
7802
1240
3514
4805
9791
3415
7765
2666
2810
2374
3549
6927
2429
122
5103
7955
9789
6760
5140
3202
4026
8749
2238
2115
2865
6750
6962
1820
9253
4721
5409
9039
4181
2867
2039
4488
7682
5787
9102
5278
326
7591
2340
424
8221
9765
7457
293
5919
3040
7182
6130
8710
5767
9785
326
9050
2894
7331
8451
9716
7353
7401
9417
3055
8492
6438
8690
5557
6357
844
4189
2529
3669
9593
8727
2458
3039
6953
6813
4793
6670
7669
1554
5722
2692
4191
7009
129
4253
5612
8298
335
8254
8471
9670
9117
2420
5368
1311
3334
807
2704
2931
5091
921
5093
8872
1912
4470
4098
7253
9352
1063
8609
3012
5645
4847
4941
7808
9977
8601
3373
8571
2793
3537
2500
809
882
2759
8294
6176
2541
2807
1328
3277
5637
1931
3024
6394
3156
6276
9297
1819
3501
6222
4780
2587
5474
4889
2512
3556
9509
9561
2139
8661
5176
1404
5034
509
6462
8685
9565
7394
680
9958
6637
9884
6342
1206
3069
3779
6889
8004
2120
6601
7913
8219
2768
2793
4771
3540
1103
3710
6330
8950
6739
8825
5433
7780
8343
8165
6502
8248
7078
8668
9236
463
967
2512
5087
8142
1313
4455
8106
6890
5005
3522
3694
6278
538
5411
1652
7062
7028
1169
5602
5071
1667
4938
5163
657
1269
1178
6861
4404
9742
2661
4903
3089
5124
1642
8327
7740
4004
1589
3718
8957
9414
9653
4944
9805
6691
552
1487
6283
6070
7841
7006
7559
956
1224
8903
8131
9602
2539
7169
3170
8027
8331
5393
7598
9456
1425
7950
5887
6806
7536
5663
627
4059
3725
7125
7009
581
8204
7379
2849
5399
9009
8040
8119
1093
5158
4170
4394
2243
3666
6334
6333
5041
3998
9723
1375
2235
3889
9651
7351
4093
500
6454
480
8833
5211
5317
5389
1599
3933
4562
5371
9318
5055
7894
466
8650
6550
1805
341
2353
9478
1915
7569
323
8111
9628
3944
9993
3357
8410
9190
31
8815
8411
6448
7853
5629
6810
226
5794
3586
6789
2931
5127
2175
8006
5777
7008
1589
7464
5727
4666
2617
6405
1659
2937
4541
6505
5367
8524
1647
4173
3138
774
9517
324
6400
9932
7831
1891
4984
3026
81
9030
4655
5103
9960
2309
8909
4345
4231
9742
4105
6617
3660
9063
445
8076
6488
3307
2480
5838
1935
2139
8104
3409
7883
8782
4069
669
8101
9429
7946
1859
9202
1119
837
3233
3068
715
1682
2466
201
4406
5673
9604
9038
4703
7983
8756
4032
5313
9152
5015
5222
2442
9121
8419
9094
5367
2521
5552
2159
9215
8471
9909
3289
1400
1666
5747
4246
7203
4411
7889
5290
3790
394
1189
9271
7011
6605
6333
8869
108
9165
5813
2756
1407
5182
4880
1574
1929
2980
3327
3231
2434
5614
6586
2249
8397
292
9239
8977
912
1249
4843
2850
4043
9431
8926
9131
7097
5122
8585
2896
3375
2219
5286
5800
5236
6166
9070
9179
4860
2633
274
3246
1177
4605
9677
4459
4961
4001
6595
9831
3466
1289
7202
7862
1528
3357
6782
7657
605
1838
5386
6210
8795
3079
4087
9793
5501
1119
8735
5929
4893
5334
4970
8344
2171
3109
3177
3655
5567
1897
4728
6904
6190
7703
8555
4269
7583
8943
3323
2453
311
2915
6698
8713
7786
9782
6658
7872
9428
4271
2081
609
8173
9735
8713
6359
8152
7150
7415
7299
4493
6346
9412
2235
7388
8902
5165
5331
2282
6601
2542
5807
950
826
563
6030
3588
4473
8663
1735
7503
4112
5585
1505
1673
3077
223
4396
5353
5331
2777
9699
9230
7331
6561
3539
6142
3954
8374
3883
1301
1923
3469
4457
6134
3805
8874
3472
5240
923
9750
481
4271
6609
9477
2195
6851
6874
5892
5312
2781
4139
3979
2974
795
7340
7234
743
8433
3032
7443
8008
2623
8930
8114
684
4718
4449
9456
4094
1918
9868
9937
92
7738
3739
3378
4126
2948
4804
4734
3385
557
5972
6368
4700
9465
394
5217
9196
2616
6805
6311
1985
4900
7117
8193
2682
6664
3170
1956
3958
746
5881
2441
5845
7641
3
4719
9974
5630
2908
4084
4260
2117
494
2738
5641
271
1759
6396
3190
9852
7764
4520
2658
7030
8328
8148
7454
5916
7436
4192
3679
6564
3598
7076
4669
9270
4621
9252
5753
2088
7674
9655
3589
6393
9704
9295
2738
4674
2751
1326
5088
5919
1398
8254
6885
1737
1005
3584
4033
3001
9768
5236
8048
6626
36
6318
2176
280
2445
1539
7495
8463
938
4036
4731
8813
3876
5957
1231
3519
7554
8983
6796
4798
9923
7669
4566
5781
7704
5531
3549
3967
8516
6935
6424
4901
5559
5564
511
2307
7298
399
1000
245
5313
8140
7089
3076
7051
7225
1113
6539
3898
1928
529
4992
7116
6557
9459
8910
5861
1804
5375
5940
1312
2586
8765
1429
7269
4587
8282
4416
2646
9675
5269
9765
8415
6291
6807
7444
2150
8283
7852
2765
9367
8611
8960
719
9090
5969
4630
3794
2688
978
1313
2967
9851
2405
6546
202
9686
8919
79
9598
3566
1658
6224
589
815
2948
1744
2584
5337
7877
6842
588
1216
6292
4997
1540
5736
7153
7618
7300
3162
3809
9764
374
1042
1589
1265
2548
3031
5518
2329
9105
4780
3859
4337
8619
306
5316
6115
3558
692
841
8951
9073
33
1452
8775
5847
2714
366
7730
8755
4327
1616
7339
2403
3661
9794
882
6686
7608
6295
7423
6548
587
9350
223
8799
143
9239
9973
4331
7186
8496
4725
9362
2309
4787
5002
8505
690
1701
6050
9015
4296
7433
7743
2109
8892
6120
1546
3454
5068
1330
5640
2993
6791
2898
6188
2327
7027
96
6636
5840
64
9802
1481
5148
2659
4692
4615
7148
1137
2963
4180
9375
6238
7500
5001
7464
5794
1578
689
7983
7273
1531
3249
6962
9524
1468
3389
5122
1973
5632
7625
4921
306
3894
6212
568
6593
4796
7586
3522
3804
3999
2563
1356
5849
9882
3049
4346
7220
4789
5037
8782
6223
1324
1218
5077
3463
4147
9513
1951
1927
1312
5553
5414
2671
7648
9064
9987
8383
4322
4232
233
9870
3891
9941
1465
7021
573
5537
3808
7737
6435
3189
6829
4152
2879
5931
2746
3000
8165
2725
7898
1226
4683
2473
2894
53
9527
4861
3607
2518
8421
6421
2546
2775
717
2007
1121
4619
2251
24
4300
7675
3497
39
4777
4852
5621
5617
1649
3142
8396
6243
1984
877
2190
6011
444
5391
6097
9517
2344
1199
1805
1116
4176
9709
2354
111
8422
5015
3988
2981
4612
558
9804
7577
1358
2492
7768
8364
9897
7206
1259
7838
6307
699
8509
2380
9128
9900
9113
4753
3613
436
6844
2634
3627
9495
6017
4032
714
9359
6948
5248
8526
588
66
7676
1347
6005
8806
1656
3104
1476
5283
2342
6438
9805
3214
9456
1236
5144
6874
479
2332
3746
3453
8337
2738
9936
7644
6820
5356
6048
4400
9937
6095
9680
7323
6365
3931
5182
435
3092
3115
8612
4231
6239
7224
3131
6148
1505
9645
7443
6648
6680
3241
271
6055
697
4625
4047
6396
1253
5892
9837
3828
846
937
8163
7326
1407
5089
5117
1588
3530
6429
2684
6951
5603
3974
6498
1740
4135
736
2404
3969
4151
1775
6436
7806
4342
8305
4166
7599
4632
9644
7877
7022
4793
4243
5752
539
4056
4537
394
8365
5046
9393
3560
8851
6307
1031
5434
8350
3412
3389
7648
6794
6887
4094
6406
1343
2179
1690
7663
4489
7811
3845
5371
6382
2874
1484
8507
5979
2410
1585
2151
1807
4394
1945
2805
5527
8545
9807
533
361
885
5875
9585
6518
9145
8139
5210
5369
1384
402
164
9342
1187
6336
2896
5933
782
3359
6086
4989
3975
694
5213
8854
5520
5979
3276
563
6912
8771
6940
2560
7389
4453
1070
1049
2164
236
1372
6238
7940
7207
1129
397
8548
5655
9009
374
1908
992
6420
4514
1223
9915
7060
8686
8914
2458
3046
9360
3285
7306
5651
4664
5927
8330
7705
590
3187
4091
1711
1127
8311
1064
285
5994
8901
9736
5845
8784
7127
8355
8447
1843
1320
4163
5434
615
1873
5675
4921
788
2342
6491
7452
1738
1474
6161
6580
7202
8528
8596
3967
8118
9886
9311
2455
6630
1065
4214
6836
6924
6911
4700
4942
6313
3020
7726
760
2111
9708
3507
9386
1055
2252
2707
3043
6486
7545
1503
6897
3296
5904
6937
7109
5919
5741
5523
3732
204
4846
2229
9677
9865
6225
909
8006
9251
5965
1685
893
3270
594
7594
1058
2724
3070
5159
2375
3735
488
3280
1024
5066
1538
5221
8642
6609
3090
8743
4231
4509
5034
2167
1965
8868
5004
2302
4054
177
9233
3810
6162
4702
7881
4448
691
9539
2013
3338
2843
1990
5488
3026
6251
6548
698
2269
5776
9097
1859
7722
4196
379
3900
7615
2982
5014
3110
3440
9881
9261
8154
7360
3030
3110
7198
2398
1557
2049
3122
306
499
7174
7674
7289
5606
7479
5886
5819
7427
5908
6420
8458
8280
6560
7942
9087
4112
2135
5510
5460
5235
5719
5523
2740
9165
5191
1304
2911
4033
2359
4521
4947
6137
1234
2581
3178
6712
1632
3334
6821
2725
9665
7769
5944
4968
908
5046
9889
7053
8315
7402
6405
896
4428
5472
8194
2801
427
4805
8825
6601
7783
6762
7713
5447
541
1235
5718
394
263
1240
3512
366
8253
9623
9724
5594
4082
7175
6611
725
6200
1116
1756
4505
4398
5416
6267
7426
152
4332
3352
2572
7090
6152
5838
9221
1009
7637
9458
8931
2147
2435
1159
8908
1971
352
3448
474
9692
5226
1496
1116
8758
987
5559
4517
4364
9542
5490
7428
128
2983
6983
5298
4140
8182
900
7837
3587
6295
3551
7610
99
3786
1291
6117
7015
3495
5305
9951
6072
6508
1193
6657
4398
9328
1128
4578
9391
3285
791
3580
9715
4905
2381
901
7971
207
2167
7579
3873
6413
728
8905
1658
7441
1506
8133
9604
1222
4787
5061
903
9604
641
1806
1593
4159
6748
1134
8323
3165
5071
2515
6007
120
5060
8868
6928
5188
3613
5520
8413
2055
5027
4594
7150
706
5926
5372
8641
4456
1019
1739
2349
9245
3222
786
1877
7983
6330
926
2354
7525
1166
2420
3634
7630
1601
4863
9880
230
6710
941
6163
364
7622
9344
9392
1586
2860
2534
2775
5678
9497
2340
9273
616
6493
6180
4437
3173
7490
9672
984
8729
4575
158
7004
414
1286
6774
3783
1310
3224
6919
5832
6415
3585
9102
4544
3640
3851
9758
4029
2857
6607
3157
6906
5065
6935
7825
2466
233
9977
8849
4796
8579
3815
8762
8403
1071
7547
7355
292
512
7370
9277
9388
492
6019
4310
8420
6340
1294
146
3310
2314
9461
1959
5688
6158
4547
8084
6817
1655
3547
3863
2387
6155
973
1509
4090
5490
9491
1924
9500
8977
6020
8781
9685
2321
8051
7268
5309
8419
2981
8174
8505
6491
5619
5627
7755
2231
4759
3102
7552
333
7523
8713
4098
986
1979
9114
5237
8949
1435
522
1138
5695
2808
2027
8842
4551
7901
9348
5741
6646
8289
549
9580
6092
1275
1070
4137
6772
3952
9837
3596
6632
4379
5082
8992
8563
3049
5150
6036
987
4189
7391
451
6066
8777
818
2893
6465
5162
2622
5241
5377
4487
1587
5995
333
2357
2945
2331
8561
7057
5539
9184
8061
5583
8238
1178
5634
6927
949
3452
7373
433
6717
1361
8711
6753
9633
4196
4479
1457
3457
9785
5217
4986
5774
2317
1545
4868
6596
5860
6146
808
3775
9251
8660
6622
4388
8480
8143
4632
1832
380
6644
7240
7831
4789
5886
8923
5968
6621
530
7638
4471
6541
6150
1724
3411
9437
3507
1092
734
1017
8951
547
9833
9606
3954
2668
3065
5563
6572
9685
2126
3231
8810
6448
9932
4615
7972
6147
2252
3838
5928
5300
6950
4689
9729
9400
8327
1834
9534
4591
1393
5285
9486
4569
1368
1791
9596
8932
767
6561
4950
8552
1777
8947
9529
3142
9772
1274
3438
1643
7762
7808
9404
426
7367
1361
7149
4873
5469
3489
3756
1956
8004
3876
9357
3013
5760
2482
8329
2450
8126
7880
7079
3108
7280
1822
3258
8166
2636
6389
1574
5352
9137
2312
4989
4947
9047
9632
3737
5838
4827
3370
1928
9286
8714
546
779
6845
174
9511
2758
9802
5832
1774
244
1743
9901
7629
3077
4266
1908
2404
4803
3634
1636
8888
9952
218
1654
9870
6984
7650
2484
9085
6978
1676
9024
4135
1240
2324
5012
4133
3736
9953
2429
5717
2290
9770
1034
9936
7985
6870
7756
8532
1486
6682
1636
5872
6393
6251
3132
5604
7972
7047
3759
6825
4358
8203
5688
7620
2223
5536
6819
3491
5310
3856
6831
9451
3206
6393
8329
4051
7920
3653
208
7213
1582
5651
8304
6569
7613
60
1178
8590
9316
5683
1134
5294
524
4652
924
2720
9938
4675
1479
419
1427
3614
1876
2548
5594
3473
5073
2412
8901
7087
1604
6919
5583
5249
8193
1579
9545
1161
8754
4086
7015
5618
8212
2496
9870
7022
9090
7670
9369
8522
1612
5287
5147
2186
3742
9575
6898
8922
3878
4631
5474
2450
681
2515
7966
9232
7766
9164
8977
9665
7932
2245
371
673
1591
4398
7776
6549
2972
2972
2173
4708
1095
7998
6102
9487
7414
7403
3282
2527
3976
2430
2481
2368
2293
3075
6206
3975
9751
2906
9423
1437
310
3137
5919
9836
9412
6480
8694
9345
3574
3956
8568
1091
103
9254
7307
5678
1306
9441
2167
987
660
411
6267
1409
8929
6557
8987
3089
9634
8689
855
9586
6579
8296
6780
24
9906
6002
2631
3447
4771
2942
1938
9725
846
787
5315
8581
5021
6402
9591
1126
8710
6622
9081
4273
6252
9119
6562
9603
6963
5017
6555
8889
143
5887
1923
7294
2892
1108
7283
8981
9182
2479
1119
4692
8302
2009
6816
115
3463
6400
5496
3712
1643
1101
895
7670
3377
8777
6814
5731
774
1495
7631
4666
3352
9800
3858
8773
5876
3651
5956
3289
4118
7799
5692
2701
3939
2737
4317
7296
4404
7317
1157
5291
3542
6075
8387
5072
2206
859
7397
9940
3813
2628
544
430
3586
5933
2699
9480
6424
5496
4316
5557
6784
5601
9057
2752
3599
8986
776
298
7666
8576
7887
8788
3108
3064
8665
6265
3859
3489
5255
2594
547
714
766
5428
3689
1776
6573
9545
278
4480
8169
8576
9417
7032
8294
2992
7451
3823
4472
4221
1184
6136
5528
2914
5927
3898
1422
4004
1745
1193
2399
5183
8993
7661
2742
4349
6881
7049
9436
52
8935
5228
7879
7102
5396
754
9819
8198
363
7591
4584
2285
8283
6503
9300
2162
5935
6780
2158
464
3075
9015
213
3127
3868
4612
3128
8176
6094
5700
7654
5108
2509
4611
3934
2272
3285
4038
4972
4957
3424
671
7475
1396
9362
1997
7723
689
6127
7900
8434
1479
9857
9983
6858
4009
38
4109
6710
4612
7652
907
3036
5485
4314
7748
182
6439
8822
9201
4290
1137
6284
804
6349
6560
956
2800
4619
8148
5532
1604
6214
6875
6933
4636
9173
1948
2882
8991
5493
7857
975
3521
5965
4011
9959
3100
6246
2832
675
7143
5902
7965
9401
3671
6205
4656
1225
1448
1880
4282
8976
5447
9023
5533
9856
3769
4539
4496
9567
9997
724
88
5263
9708
9267
2948
3696
4513
5658
8013
1829
2362
7878
5371
5451
1120
7085
3414
8119
9998
7687
6985
2015
6175
1951
921
2167
7332
7582
8432
5396
4340
1932
8248
7371
679
6579
1129
9321
5103
2592
1243
4394
5742
4015
869
8594
979
2643
2484
7021
9167
5011
2738
182
4816
3816
5915
9719
2524
2574
7382
2231
8812
1584
2553
7432
9248
5940
706
1927
6350
1982
8890
6840
4531
4490
8079
2947
7383
6280
6211
8415
6747
197
8745
2943
1952
3007
6213
1660
1003
9137
3225
7735
8518
5356
9771
2618
3366
5505
3202
6431
4961
1667
7995
3096
5349
9140
5367
557
8989
433
5396
545
6846
2034
763
9129
9607
547
8386
104
1253
7788
47
6511
286
5392
5748
5890
428
2275
5488
5069
4080
3203
6884
1359
8686
8631
7217
5722
9135
5615
6821
3722
5105
9414
3920
5233
9431
9544
4585
5115
969
7762
5430
5111
1613
3453
9465
559
8829
3810
6155
199
5936
336
4638
7877
4947
5811
838
4097
9906
4958
1392
3899
6376
588
9722
8005
454
8299
7114
1450
4522
6499
4610
3142
8954
1949
1188
1651
1507
2887
1180
2839
1554
9308
2072
2300
7042
8627
3963
4321
443
356
7576
6831
9915
1919
5041
135
5936
7163
9966
4152
4077
2160
5730
9463
9736
9386
6363
6428
6319
9606
4565
3657
5889
5986
3998
7943
9848
7443
8736
7696
8046
879
1105
778
2987
1314
6417
2112
5189
3365
1335
3037
116
5119
501
8310
3085
5725
6825
6944
8234
8013
5479
8982
2741
5584
3059
1127
8289
6653
8971
5441
1604
9534
2050
4571
2067
4523
4582
5429
1722
8648
203
6534
300
4895
8370
9421
1629
3044
5828
5626
9945
1716
8439
8170
6707
7375
3689
4061
4591
5208
4186
7635
8798
9181
3140
4364
4150
2841
3302
9868
4158
8990
6438
422
9614
1870
5986
9767
5668
5976
4666
5544
7903
9093
6100
9620
3080
3131
376
1153
4789
4399
3879
9276
5560
7993
9619
1734
7813
510
7694
3341
9825
5767
8428
6388
7674
8887
7437
3800
1099
8156
8882
1444
2561
302
2160
7787
3992
4406
2018
4729
6293
7773
9107
2340
8828
6109
4130
2580
325
6446
8848
4569
5863
2524
3258
6113
6172
9102
6583
369
8552
1767
698
4577
6370
9190
2093
9721
260
103
2410
7147
5363
2695
9896
5743
2811
6898
2537
2095
2320
2277
7727
232
5162
3360
310
9670
7790
874
6733
3648
6612
8459
6356
7515
4665
7445
8863
8954
8049
1986
600
849
4663
5447
3716
9148
2566
211
7396
654
589
9658
7564
5325
3068
4432
858
6403
4123
5306
9656
3015
2502
7279
6639
4491
7547
5604
1822
4960
8590
6329
3922
6064
7375
8084
1976
704
809
332
6100
10
8108
2374
2981
916
2286
1949
1289
450
4561
2554
4631
5411
1892
485
7119
3583
3180
9489
788
6825
5322
2620
9675
7311
3429
6088
2980
7077
4465
6759
5860
3965
6734
4243
548
498
2487
8460
7424
1744
2124
5278
6647
2269
1714
4918
534
2724
2536
7543
6552
6941
5892
4311
1300
4311
8486
3514
468
6644
2624
7246
8900
7110
7694
3680
4070
7239
2149
6961
1760
3028
2295
3215
581
3529
3343
7000
4785
1462
5867
7667
8809
9207
797
7833
4354
4216
949
4780
2084
2675
1431
8898
3335
456
2989
4628
4729
2852
5122
6584
9740
3003
4001
3017
7412
6583
1370
9068
2588
7066
8324
5958
5275
8348
6633
3103
6676
9675
8051
4551
6016
5726
7752
5256
9156
6290
4888
846
4382
2253
682
7841
2001
4788
4487
47
4101
2658
3003
2187
9976
4379
6219
1102
4244
7591
2191
6828
5598
450
5593
6952
4379
9925
9780
5780
9360
7564
2776
5
3440
5322
5905
7975
2007
8987
1637
3142
202
1602
7886
2273
4130
1065
833
6263
8481
5881
3326
4782
6905
3993
7434
6582
3964
4814
2152
2066
6691
9521
9222
5700
8015
9860
5445
5852
3102
1375
6300
1747
9249
4870
7928
9884
9031
8527
4852
3081
8118
7063
3721
2457
7523
2274
9075
8494
2090
5360
4822
6550
2647
526
9479
3464
6391
7894
2773
884
4837
9000
2159
672
223
984
7145
7201
4945
6121
4176
8457
6946
6092
5539
3665
6925
2652
4703
6607
8708
5056
7076
7894
618
8571
1472
6389
3485
8056
9662
1814
6011
8119
6427
8060
7893
2322
2420
6549
6818
5688
4281
3520
8362
2439
3443
5795
4731
4793
8816
6983
2979
559
569
7082
7382
8912
3776
4248
4057
5569
4689
6954
6488
8220
6991
1805
4485
4613
5694
7495
7278
5697
2202
992
1292
3318
4286
8539
8307
9737
828
6482
32
3436
3181
6422
7533
5056
5906
5943
321
6983
921
9534
4838
1773
793
3238
5375
4038
238
1922
3054
5468
2512
8374
2375
8341
6617
3538
5770
9227
5686
7412
4725
8794
449
6005
8060
6217
9228
2718
3638
1659
6231
4466
8823
3050
8946
2877
1262
2957
7233
5020
1167
9208
6728
6251
7468
7941
5448
9072
5905
7051
8042
3738
1928
1203
3588
3597
3502
1080
7030
5095
9467
7242
8506
3202
4920
5372
8966
3373
8197
7684
8024
913
7957
5642
633
1359
1998
944
8543
7322
9162
3086
3585
3080
7291
7534
3517
8137
5445
403
2514
8735
2562
1285
2209
5050
875
6223
2744
970
3552
604
5265
3353
4575
9071
4167
3942
9808
9236
7891
7557
7350
7969
5296
747
4574
808
5667
6402
2239
4860
5665
1808
209
2277
8562
7446
6239
4572
1787
9815
6454
340
2108
4243
9980
3054
7353
4532
3724
6773
7438
3655
3769
3081
7200
4321
2256
3510
6814
8393
3909
6277
6160
9650
8363
7286
8799
3780
326
1615
7839
1124
7196
7790
786
9532
3991
4341
4400
9360
4324
2443
6799
490
2183
3371
2499
9985
1367
6835
2790
9045
4269
6680
6171
6574
9541
8524
2579
700
9797
8701
3838
4833
8484
8657
789
887
489
203
8623
3809
4349
8052
309
4017
9430
114
7011
3240
1533
5871
5324
3773
907
1530
8006
8369
1520
1514
7041
1606
2235
5360
9387
9331
9977
1848
8830
6506
6560
794
8437
7866
3559
5147
454
4900
9065
2896
4526
8084
1987
5892
6042
3084
2809
7045
5266
4950
867
5252
235
4443
1385
7428
1608
5247
7813
3560
6622
4218
9823
2370
9221
6317
9533
9996
6063
5187
6204
6419
5356
5004
1310
9916
409
2562
7489
1536
6617
2862
788
6486
909
155
1660
3700
2030
7706
194
4730
9087
8731
3698
8719
4096
9600
6393
7626
1716
5706
428
5399
2114
5236
6250
802
7987
3954
3176
6298
5018
759
1772
50
3920
286
1289
5994
8913
6212
7686
2368
600
809
5946
9202
9590
8787
8206
143
8183
3066
8440
6436
755
5049
5623
1429
9350
4701
2450
9478
9543
1838
4972
5595
9703
1499
7597
7382
9571
3731
4486
1140
1880
9328
3159
3543
5465
2607
9910
3977
9861
2014
6213
4485
5472
4184
193
7553
833
6782
2493
3337
6365
1440
7063
4572
778
5323
42
2656
1957
3180
9070
673
3040
6408
1412
1424
2338
528
2443
103
1847
3618
4362
6363
6118
400
7277
3991
7754
5903
1444
9465
5550
5989
5890
3536
2870
4949
9988
3917
4481
2337
9950
875
8309
1035
8001
9693
8026
2971
5909
1757
4443
3431
1331
687
2330
2062
7236
3311
6182
1291
3628
9336
6954
9994
8842
6266
9032
2554
5267
1044
9261
3785
188
6410
7622
5139
3667
6009
9867
9046
5444
6235
2725
9098
7362
5382
8017
6587
1402
5856
3888
2990
734
9439
4073
2008
2697
5027
9075
2372
7548
2939
4020
2380
5170
8964
6328
1451
6533
9544
2577
1381
9072
3845
3341
939
8943
2272
9779
9563
3582
2710
541
3380
8950
2630
2426
9879
1999
1724
5317
9194
5678
7559
7560
7882
5630
5344
8789
9759
9782
7835
187
7960
7207
4712
8777
2613
4480
6022
3411
4227
8805
8557
4647
3262
247
5225
2255
4870
9093
4683
3929
3548
6544
5856
1058
2915
4061
8248
6531
2823
6216
6608
2862
2556
4531
8153
1582
3406
7246
8513
8704
4761
2619
547
624
7047
8873
8053
1884
5620
6721
881
2943
4589
3533
7073
8209
6637
7057
6987
2562
9984
8879
7690
2923
1656
8642
7096
8977
303
4697
8111
8802
2987
3691
2244
7709
5078
8642
7920
566
7963
8538
5090
6551
8080
2425
1844
2790
9230
9211
4672
8318
5082
2994
4476
8471
6379
4122
8469
286
6008
8936
5894
2922
460
288
8833
2091
7213
6713
5398
1629
3945
630
5043
7722
6291
8798
5176
3019
7219
7382
6463
969
4509
5088
9217
7755
1117
9834
2444
6925
665
3164
8217
9294
296
9870
3494
9524
9180
8747
104
9104
9290
3417
4896
6140
7409
2151
3924
8146
4015
9017
8876
8698
6181
4261
7616
9086
1448
1438
6463
3668
4701
482
4796
6082
2456
7442
8994
347
7700
5938
4796
7842
6063
6351
7385
291
6903
3485
2107
9667
6283
9541
7278
4158
3586
7842
5052
5136
173
3638
3547
6591
8008
2235
3058
4788
6901
4190
7552
9453
513
7025
1042
4964
3373
5320
333
660
101
5700
2962
4385
3493
8909
1216
650
420
504
5723
9947
1788
4776
8499
6552
4083
3540
6865
5222
3175
9402
3170
1406
6434
871
7816
4279
2672
8003
3315
5796
8169
5956
3224
8205
6937
3024
9850
5764
3659
9338
6561
2337
8786
1952
6023
7099
2296
5861
9954
5964
1311
7176
4931
790
3755
9006
2708
6666
5806
5187
3998
5361
9872
8076
1981
4144
9124
2023
6973
5612
5397
733
221
3937
9372
6253
4778
8971
2845
9303
552
7638
4255
258
2218
3056
668
4965
6494
2839
9877
2333
7072
458
9546
1091
2432
834
2721
3871
7274
3186
1453
1233
8803
5068
5263
8823
7297
8222
1514
3305
3427
432
4057
1689
2030
5445
9548
1870
7584
7070
1293
6002
6447
487
7584
756
750
3858
5957
8202
8997
5792
2319
521
5287
2039
6923
3654
692
9975
6402
9029
4361
1008
8650
8652
7608
6376
7042
8133
8726
975
3529
74
251
173
2045
5371
1237
8501
7517
6685
5437
935
2566
9142
7553
1854
2003
5562
7877
2902
4959
2770
8017
2490
5616
389
2298
4491
6869
3577
62
6835
3183
6323
7047
1112
5140
4689
7444
2260
7331
8898
9494
8946
4668
2864
4918
4434
8921
7429
3958
4943
7074
735
2006
1349
8281
6275
4277
1096
8672
492
3890
5790
1741
9231
8876
6124
4396
7442
4375
193
9200
3423
2825
6778
8606
3132
2772
5011
2584
5809
1430
5007
1827
8052
1634
5155
6738
1362
6469
6841
9348
9208
3798
7346
2761
8075
5580
403
4192
4120
3796
3075
5285
6872
7700
8417
1592
8642
7115
3725
7367
8568
8870
4898
4638
7851
2869
6903
7876
9283
7088
5827
2432
5641
5361
4040
2301
368
9731
567
8579
2519
5599
5857
695
3701
1855
2191
8398
3666
7807
5382
6413
9970
8564
1244
3943
3400
2993
2660
1881
3901
5018
7599
4773
7433
1879
3559
9848
2160
3239
9714
5357
2586
5887
8173
9542
6882
2610
1425
2140
4152
3159
3331
8814
1546
6045
8336
3530
1891
482
6703
1211
9130
9036
932
4222
4840
250
6027
9428
8921
3410
8434
4580
4377
663
8841
4010
104
6881
8270
5303
3357
4300
6221
7768
4615
6132
878
4129
1277
3934
3537
3832
8482
7481
5704
6409
1424
2169
7713
9854
5936
2458
1697
440
5192
2633
9468
1003
8636
9658
7031
6407
1406
7395
713
3661
1412
7634
8787
3784
7536
2540
9141
2265
9573
8497
3654
2059
1128
816
234
7438
2089
1929
9931
125
4084
1058
6332
3764
8349
8556
9496
7694
7038
8124
5434
4855
390
1491
6948
6527
4170
9812
6023
1519
133
5832
7153
9862
3848
1033
4256
2701
7998
9693
5362
883
8076
3397
6449
3688
3553
8521
789
9253
5070
2552
6795
2579
4130
8165
2740
7223
8440
8067
7684
5584
1589
1105
9073
1489
3476
6582
8002
9011
471
2982
2409
3185
8859
3000
4124
5661
8364
3860
7297
7309
9660
4979
303
9219
4247
2902
362
7726
5343
1786
582
3853
7743
5967
57
3658
5602
5806
9273
3804
5296
798
7803
916
3778
5066
495
1178
5771
6361
6621
65
8622
4653
8462
5315
4551
2990
2466
4554
8236
4698
8322
6123
1402
6937
4684
3267
5666
5157
7683
9097
7252
405
1980
307
6168
8471
2339
3020
8487
5960
6540
6116
7113
2291
4130
2296
5763
1456
9740
3271
6264
4383
8434
7805
5204
7179
3959
6216
4549
1917
3555
3628
55
4492
6113
5961
8383
931
6029
5027
8182
9359
9497
4641
7540
4899
3470
2915
3268
6499
6034
8906
6051
4857
4550
6587
9186
430
998
511
2601
9197
1194
1452
6064
1499
5464
9025
7014
5076
3585
6169
8002
3390
5602
5621
160
8949
6564
3059
1798
2934
4882
4700
9122
7988
8265
5859
5108
4501
8963
599
5438
5514
8134
1177
7871
2683
7217
3818
7967
9893
4423
5438
1029
4893
7786
7569
5509
9221
6589
9240
1568
5889
1552
7988
8030
5129
7223
1074
4903
6441
274
5889
2510
5934
4159
6741
9846
6385
2314
8054
5299
7557
421
434
1500
8980
5567
6481
2925
397
1277
8059
9924
1256
8094
4251
3351
639
1091
4025
675
2581
7660
262
3139
9096
2423
228
6318
8855
2084
4729
7140
7208
6901
6533
9437
3740
8012
2510
2508
6043
6401
6569
3065
4017
6833
6031
6154
6058
6507
2422
1740
4471
8256
8589
8229
8501
7047
5201
9933
3407
2212
4212
7238
6465
4574
8007
9339
4108
894
477
7643
2972
5262
3214
6681
9997
7602
4415
477
3102
4656
3756
9563
7554
736
1325
7546
7907
6792
2234
1361
1737
2593
8242
1244
3976
9636
450
7931
7105
9260
2458
5348
7252
3856
4977
6625
6691
788
8972
38
835
554
6458
4459
9803
9823
8064
4341
682
6143
2000
6380
2782
3792
5284
7612
4626
6850
7399
4971
3752
7479
682
7261
4479
7135
9713
2518
8910
456
5397
5272
9388
2985
4501
9564
7042
4770
2373
6424
6561
8207
3799
9557
7477
2722
6220
5278
7830
8482
1121
2671
9098
1784
569
9160
5289
173
1240
9609
8232
7804
4830
7138
2777
421
6382
1570
5118
2926
5467
3966
5698
5474
2523
1707
3115
5644
115
7978
1605
821
380
3372
7484
2714
3423
2728
8565
6905
8850
9580
2075
3714
6953
475
5064
1470
6458
7942
607
1823
229
2405
170
1616
457
1500
2354
8132
1115
3490
5
3986
9334
5613
5064
9731
6410
8139
2972
9691
1295
8606
2971
4217
752
7932
1034
8065
2369
4288
6034
7837
942
5912
4459
8442
9003
8150
9291
1567
8015
7822
9077
9223
908
5003
5972
4991
3298
1242