332
7443
4780
-4647
7475
-7575
-3470
7144
91
-9098
6222
-7120
-3105
-1280
-651
-4590
7296
-7638
-6719
8609
8662
-4678
-5143
1415
-6172
7782
-7601
3675
-54
5399
-9647
8805
8223
552
-4827
8329
9685
3539
-7426
-6362
7427
2846
-5948
7254
-6360
-75
-1788
-7790
6775
-7567
9692
-9733
2147
-9016
4818
-2911
-4543
3451
-2863
-4953
3505
5108
-9913
-3413
5625
7900
-1266
9133
-4279
2881
5269
9601
8145
2872
3230
-4076
-9210
-3276
-5133
-1312
954
4711
7237
9272
-7715
8771
-1824
783
-4055
3584
-3483
7710
3470
-8476
-6711
4161
-300
6387
-4820
3701
-9219
2723
7330
9031
-7138
-1881
2091
-7846
-6180
-8886
2490
2243
1980
4924
-4597
9599
5679
7515
7258
-8766
-139
281
536
-6772
8130
-5341
2034
4864
1252
-9127
-6267
2964
7197
6423
-5085
4468
-125
-5602
-5303
8247
2231
-7701
4173
2474
-6397
-3280
-8252
4266
7997
-5104
2598
-9494
-875
1442
-4851
585
2831
4180
-4989
-8095
4703
7306
212
-523
-3041
-4480
7397
9395
-904
1092
-3531
6678
-8102
2467
4820
2146
-4506
9204
-3042
-1901
-1979
-3842
7516
-2411
271
-8534
-9517
315
-3780
-5188
3614
9487
5776
3188
-1480
3382
1596
-4234
-3114
2520
9127
-8547
-2010
-3745
-3416
4907
7748
4513
1612
-139
5258
5731
-8121
7313
-1314
5593
-6646
3351
-619
-9163
1358
-1458
-4948
-465
9515
-8051
8723
6053
-7870
1055
3508
-2971
-9191
-6191
4692
9586
-2800
6805
5767
-9643
3179
-5748
-9632
8286
-9662
8576
-5524
4782
8135
4797
2801
-2832
-5989
4981
-5201
1308
-7594
524
-9232
-1161
-6607
-4928
-4662
-1538
-1835
261
618
1924
9920
-244
-3433
-8763
-7759
-7860
7257
-4763
-4941
-6163
5556
-6568
-8596
3836
4689
3011
-5312
-3995
8153
-7512
2855
83
-3929
8992
4636
8032
69
-5672
1696
-187
8949
-7071
-5892
6320
-1585
7733
1454
5209
-6022
-496
-2169
8789
4472
1449
-7298
-2217
-3021
-365
-3129
-6922
138
8135
4494
-9344
7727
1387
5009
-3958
9216
1265
3349
905
-7971
-4135
-8602
-2487
-4795
-4630
2913
4435
1027
874
-8291
-7212
-8605
-9838
2362
5007
-36
55
7812
8522
-9465
-6158
4713
-5474
3935
-8199
2330
3974
-6724
5074
1639
3282
-4956
5442
-6226
7628
1854
-8006
1935
-6492
1644
-7629
2214
-6252
-2030
-2812
-2048
8796
-5905
-5002
-4393
-8001
-6260
-6305
1589
5786
-7063
5557
-5528
5724
-5462
-3656
2594
-8566
5374
-235
804
-5808
-1130
-1744
-3738
-645
-2413
-1861
-9437
6705
-5669
-7931
7355
4624
4872
-3660
4240
8990
8658
-539
8346
1714
5096
-1913
-8872
-8203
-7832
-5411
8663
3014
-53
8194
460
-952
-6714
-2927
-9960
217
8439
9234
-5825
8771
9929
9715
5068
-3558
-412
7846
6794
-9926
-9191
4183
-6654
9318
4565
5298
8325
7032
-1854
9120
-5934
9190
-1036
5468
-3585
-1905
7007
-7006
3114
-522
-1235
-4986
4053
-3772
2602
1288
8080
8824
3662
1411
754
2033
-9561
4606
4786
-125
9800
-3750
5186
-509
7959
-9287
-7069
-2517
6497
-7963
-49
-1835
-3429
3752
2423
5628
4060
2275
-2400
-7808
-29
-7191
-6317
3596
-6965
6756
113
4216
-1817
6451
-3299
1035
-5084
4021
9724
-1068
-1129
-2540
6492
-2753
-2123
4972
-2996
2000
-7776
3244
-8739
-9181
8906
-5932
9004
-8842
-6247
-2753
9501
-1296
-7216
3921
-4529
498
-4164
-9782
-8560
8229
244
-7203
403
-724
2866
6512
-5118
9053
-6188
-2082
2791
2277
6202
9401
9440
6537
-3560
-6818
4787
8161
3577
-7637
5167
9713
-7183
7653
-9025
-2915
6248
-2860
1459
988
3624
2664
9954
-2968
-8747
1309
9303
-247
-2685
3331
-6042
1559
7408
-5366
-152
-6428
-1245
7928
9238
-2138
7895
-5404
8145
-2162
5933
2502
349
-9250
-1688
7711
-9559
-5465
433
-9023
7425
9104
-7229
-4941
3003
4990
-4875
-2436
-4528
-8074
-2349
9568
7245
6132
6044
-5945
1675
-9685
7081
6581
-9393
-970
9688
7770
956
-7815
520
-8674
-1935
4331
-1972
1427
5357
-9573
4895
7015
2449
442
3207
-5852
-4429
-4505
-6896
-8086
-9749
-9635
-7664
3103
-9400
6117
3776
-1903
6608
-7502
5927
-2979
2043
-9756
-9881
7575
-3735
5903
1558
1625
-2939
1461
4927
3230
4972
981
1549
-4060
-631
3029
9707
-6056
2549
7231
6995
386
-5507
-8401
-5698
-1558
7797
753
3336
7276
-399
-8790
-7392
-596
-5152
-1076
-6585
-8417
5234
-8209
-4769
7110
5127
164
6962
848
3034
-7488
7194
8454
4424
4535
9288
-9028
-1107
-4007
-4824
-5138
-186
-220
-8687
-9512
7035
-6176
-1487
-6406
1683
9046
9392
-6040
-5741
-4014
-2149
9172
4454
9185
6448
6405
-6969
6957
-8403
2410
-9685
4884
552
5533
910
9819
-4222
218
5314
3279
-9413
6847
6420
-3271
7861
-3772
-1083
6855
-6974
1033
5699
-4394
-2720
-3483
-3755
9942
-2729
-4109
-1562
-6329
-2432
-5168
6686
2288
-9921
2846
1542
2479
6295
8575
6928
-9855
679
3676
2785
8585
-2922
8592
1019
437
2672
7401
2941
7621
1114
7186
-9244
-168
-6030
-7068
-7144
-7640
-9386
-862
4137
9007
5714
-6611
7123
-1724
-5850
-7791
-2085
9614
1320
-2915
-1911
-9891
6226
-5204
-8729
-8568
-9080
-3363
-2017
-5875
-113
773
-7513
-4517
-1685
-897
-9813
-2396
5204
-8071
-387
-4969
3183
80
-6731
-7023
1989
2305
1433
9494
8986
833
1182
-7844
7537
6201
-1991
-4281
1742
-9222
-5920
-7017
7081
-5373
1858
7921
-4848
206
-2102
-2357
6584
-5814
1587
7563
-9081
-3661
654
-3009
5329
-2155
-9028
-9146
6692
7671
-6311
1051
2666
-3166
1777
86
-1825
3343
-6090
-328
9691
-3738
25
4191
-8831
-410
-6705
8009
3730
-1808
8434
3836
-2182
-9950
-3465
5109
4264
5398
-7444
2855
-3358
-2797
2716
4390
6223
2363
8594
-9162
-7479
2616
-169
-1161
-5863
-2763
-6204
-5634
4932
4125
-6317
-6945
-916
9899
-592
5614
-5613
3435
-1020
-6592
8421
2997
-5219
1178
-1244
7405
-6831
-8891
7164
7842
-2059
-8018
8552
4190
-7152
-5416
3062
9038
8878
2278
6186
6842
-9192
-5459
8212
-971
-8054
2265
-8922
-5916
-1729
-8674
4468
-4474
-3698
4981
8257
1602
-7635
1767
9529
-7156
7266
1799
1439
2363
-2299
-1605
6485
8303
-4970
-4980
-7980
-8792
5073
-4547
-7774
-4803
8145
1796
3164
161
-9144
8901
-7981
-6845
-7826
8889
-4944
-7563
-3649
-8340
-1219
5151
5339
5797
8982
-5198
319
9060
-1287
-3988
-5354
-6459
6605
2138
9813
8694
-5050
3507
-570
3991
8739
-3500
-4945
5111
-726
-9539
5762
-873
-7276
6497
-5236
3394
-2352
8747
-1633
2404
-2105
-5627
-3827
773
-7777
7032
7817
-6183
-1114
-9140
1205
-4940
6782
-3068
-4200
8455
3923
1295
-9040
-5366
8762
5865
-1655
-2882
1947
-2809
-5407
1380
3323
-9536
-2617
-1606
-459
4037
6720
7455
-5276
-4704
-8278
8371
-5418
6903
9016
-7375
5483
-9493
-1224
1693
2469
-8244
619
3086
7867
-8497
-2473
-3576
3324
-9090
-3534
-7743
-9521
-7544
4705
1190
1587
3187
-1531
-8798
4080
-4429
5747
-9167
2766
-7695
815
-7083
3633
-4035
-642
-9280
4609
1226
5042
3805
1312
4810
-7617
-2708
-9949
-272
3946
-2620
-2017
-6411
-2728
-5440
-9210
3255
-53
-3051
5963
8260
6271
4048
461
3553
1927
-5581
-9588
-4388
1883
-7031
-4023
-9180
7718
3507
6987
346
3405
4348
-4883
-3683
4888
-9391
5233
-2013
-3631
-6149
-347
-6893
2185
8128
-2282
8842
-1611
7176
-8517
2781
-3347
3371
5172
-7583
-7597
8877
-9433
-2749
4831
-898
1114
-5542
3864
8183
279
9233
4784
-7342
-3202
9447
6907
9042
4226
-3327
-3520
-3884
2659
-6094
-4446
518
-3054
2702
-7683
-5143
-610
1250
-7901
-2392
-9744
-2280
3293
-8901
6016
-5571
7240
-1265
4356
9911
7601
-1785
4341
-4752
6719
5078
-2022
-8969
-5537
-3315
2000
-1842
4949
8156
5881
-2158
-3365
-7972
-2131
7035
-2790
-7665
-1745
6686
-2840
-7311
978
-8539
-4668
-423
5392
9102
4925
7046
6893
8021
-5173
-246
5936
-9421
4397
-7719
-6542
-1334
-397
903
-5275
9805
787
-3224
1371
-6813
3882
-7402
-6930
-8643
-1485
-8148
8590
-8045
7075
-9611
1422
-7483
1195
7140
-6702
-3421
1144
-5594
3502
-6485
7065
-4700
-2711
-7663
-3062
-4461
-5028
4038
5262
-7654
-8341
-8415
-455
988
-9461
-3104
3464
9193
4082
5282
-324
-5577
5327
-8383
-7791
-5904
-7460
4808
8606
5788
-423
-9710
1783
2101
6883
425
9576
4242
9619
2377
-2501
-5373
9139
2609
8867
1301
-945
-1291
-6751
-8196
6555
8066
-9953
-4438
3716
6123
-7139
7646
-2211
6348
-6642
-2363
-1603
2450
8235
3949
6027
-9653
-260
6462
6114
4497
1868
3551
-117
4338
4119
9352
-5059
-294
722
-3992
-5225
-9010
-8318
8742
4783
-2794
-4069
1511
1363
-2764
5114
-2635
-6767
-2958
-4345
1762
7835
6951
-3059
4704
-496
-1837
-6849
3567
-4481
-9294
8336
-8026
-1433
5368
-6916
-7613
-6365
-410
3805
4050
-2519
-575
-2706
-1561
4496
-4931
6451
8870
-7012
8696
-4464
9212
-1294
8899
5031
7583
1679
-171
587
9424
-2574
7897
-6175
-4794
-5539
-9143
-3501
-5547
-1638
9696
-8949
157
-9375
-277
918
-3478
-9488
1771
-6360
7528
-9891
4169
4290
-5485
2387
-2215
7633
-6789
-7559
-426
-7793
-1135
6382
9325
-8655
529
-6484
7997
-7127
243
-3420
6171
9358
-3811
-7984
3199
4937
2264
-7832
-9563
-175
3348
3621
5031
615
-6032
2357
8305
1347
5088
-2964
-8783
3209
-102
5374
-4699
190
-480
3173
-5266
5446
-6333
4025
-1503
6228
-377
1730
8813
-6272
-9144
5424
-6206
-9217
3557
3534
7653
-2541
7339
-7453
-8751
1169
-4356
6236
-7523
-767
-6688
7585
5851
-1921
118
1511
-5970
7281
8384
9963
-9570
-1568
-6238
-9035
-2932
1378
3239
6816
-2941
7719
5792
-691
-5639
-5083
3175
5627
7216
2263
-5075
-7686
4478
-8031
9953
9444
-5812
-8331
-6392
-3697
3462
9346
-3780
6817
-8055
-4470
-3074
9142
9833
-3986
5514
5801
6191
6915
-8696
-3206
7314
6069
-3071
-6205
-5307
2758
5660
-2712
6291
-2892
-2824
-7063
-153
6825
5587
9258
-3626
7148
1102
-4225
1856
-6625
252
-8860
1837
4661
9788
-3246
-5241
-8403
5830
-5683
3561
-7521
-3823
-2130
3764
-3525
-1640
-9535
-1160
8101
6190
9965
-3906
6148
377
1988
7845
9871
-1571
289
8577
-1005
7643
5312
-4447
9433
-6553
4971
580
8643
2887
3307
9506
-5684
3251
-1417
9976
-758
-7456
9451
-3581
-3555
4461
-4057
-5479
5137
-5027
5877
-7106
1576
-4367
3945
-1642
-2096
-9112
-7033
9298
-9203
1359
-9894
4467
-8035
4652
-7484
2873
-8854
9015
-2757
1084
-1348
-7328
-3983
-7496
4932
2123
-8388
-3791
2432
131
3041
5209
4153
-5366
-4232
9556
-4905
5736
-7954
9221
-3770
-5622
-1859
6932
-8653
9076
9778
-9186
-2588
7916
7573
6985
3555
3120
4627
-7239
5969
5924
9849
4448
-475
9224
2505
-2563
9774
8216
2606
-4927
8294
3980
9888
5432
-3606
1938
-3027
-8306
-6588
5425
7795
-5395
9496
-2460
-7248
4987
-345
2300
4939
-7110
-8274
-2878
3751
-7409
-7795
-2509
-4566
9932
-4221
7560
-2537
7744
608
3031
-2798
-8100
-8845
-6066
-101
1659
4428
-4017
794
9075
2327
-4910
-2628
4985
-2866
-8686
9877
5339
2623
-5361
-434
-4444
4484
-3918
-783
-5337
-4241
283
-7304
-4420
7260
1376
-704
-2688
-3109
1118
6348
-538
7820
-7882
1784
-8646
9849
-9630
534
-2469
2759
-9956
5321
9960
6238
-791
-7846
755
8254
1149
9187
1983
-4703
-9556
-4302
8826
3642
3759
-8026
520
-1903
9659
-6978
6406
1332
8646
1405
6581
-7055
9200
-1972
608
9568
-77
-6996
-5378
-2983
4539
2840
5409
2682
-1943
-9764
-2690
8785
-8237
2694
-4993
-9281
3955
-188
1533
6739
-8275
2442
1478
-8884
-4429
4739
-7386
9096
7635
7747
438
1009
-6366
6073
1836
5260
7358
-239
-8246
-1435
6364
-2895
-5846
7721
-2370
-8613
9920
4054
639
1521
-1520
-9511
4539
385
2871
-3232
-2532
5988
2831
-643
8720
4902
-3531
6298
3938
9879
6064
6942
5966
2507
9401
5808
8941
-8906
1928
2944
545
-8508
-684
-3541
-9727
4574
4636
-724
-745
6535
4819
-135
-2461
-2838
5259
-9842
-5584
2864
-4513
-3133
-3325
6987
-8019
5729
-7464
-9352
-1164
8054
6699
8934
7264
-1959
-7638
2447
-3338
8391
846
2325
9059
-4429
3934
609
2776
5111
-1138
9244
4913
-7040
-2563
3409
-4545
-8974
5055
397
-5234
2360
-6288
7290
-5028
15
-6132
4180
-5015
-5084
7455
9093
-3672
-1057
-7698
-1167
-2472
-4866
9298
9726
-6127
-6356
9362
2951
-4839
9371
6657
-5157
4169
2624
4138
7382
8758
971
8963
2092
-6111
4892
9404
8006
-5679
-2040
6961
1479
2836
9043
-434
1717
8022
-4243
-9166
3154
1226
-3589
-3841
-9212
-9415
2736
6486
-8836
7959
-8139
-8870
-2488
2242
5358
8686
2931
-4550
-7009
3821
-3835
9817
-7250
1723
1188
-7161
8704
4437
1721
2126
-6852
-513
-7187
-1823
-4875
6588
6966
-4879
-9071
6480
7527
-3646
-7851
6628
1854
2202
-3728
-4340
2814
4582
-6464
-2218
6885
-8398
1217
-7998
6589
-751
-4348
6862
-6960
5251
-5800
9627
-1657
6511
6875
-1372
-4896
-4251
-704
6739
2705
7821
5032
2255
-2054
7782
-5893
-4480
8218
3254
9765
249
9178
-10000
7705
3646
-4568
-9243
4845
311
-7700
-9012
5434
7472
-4046
2732
-8515
-2931
-2065
-4391
5614
-3073
8570
-9490
5998
-5459
1
-9155
-871
8812
-3289
5668
-5056
-6477
-8808
5053
7485
5557
-4570
1528
-4717
9217
9125
-2617
9515
-9535
372
8200
5915
7908
6193
5167
945
4292
-7919
-3926
913
2666
-6468
2876
3282
-1136
8996
-6671
-2425
5801
-9246
-3927
3259
-8992
1059
8307
-6588
-3476
-5127
2339
9783
9755
-2554
-3139
-2063
-1000
5184
-3725
6762
-7049
-4192
2563
1047
-8203
2055
5492
-2232
8936
2066
-9331
4247
-5612
8145
8774
-5366
6307
9522
-6262
-3019
-8100
-1349
5980
1885
4797
-8935
-1291
2056
-7813
1715
-432
-5363
1439
2647
-4490
9444
-8214
-5991
3347
2533
-7125
1776
1347
9983
-7916
-2126
2393
-9604
-7399
-1664
7377
-514
-278
3486
-477
-9739
-5420
-4388
9685
-4541
965
-9544
4706
3094
3471
-4319
-5607
-5453
-7426
-4806
1900
-5135
-7322
8020
-5662
-2517
-8654
8017
1728
-2462
-4922
-3802
-9148
-7172
-3928
-4156
1141
-8071
783
6021
-52
8586
3372
-6621
2625
8789
2687
2398
-5926
-3587
7974
579
-46
7322
8516
-749
3109
-5529
-4369
4123
-3029
-354
-2303
-8330
164
-3851
-5828
8770
-4877
-930
9467
2178
-6622
7436
-1240
2052
3401
-4893
248
-1772
-4380
3621
1457
6374
-183
1217
1956
3590
-2919
530
-1877
6181
7813
-1651
-2773
-3141
-5199
8744
9966
-92
246
-9055
-742
-1740
-1834
3168
2441
-5325
-1461
7583
9646
4420
-5765
-257
-9177
7253
-9408
-7455
-8601
8991
2198
3413
2983
5672
5799
2085
-9332
-5201
9782
-5134
-9535
9863
-1546
7152
-7579
2456
4472
-8206
-8942
7993
7921
7848
8805
3145
6223
-4801
-9396
-9232
9653
7369
-1248
-9656
7458
-4801
4414
2069
9863
5099
-5403
2949
-7494
4560
404
-1226
-2263
2593
8726
-3864
6130
-3872
-2637
-2027
8702
9726
3269
6286
-8413
9102
11
-4053
-2433
2043
-3680
1016
-254
-4717
-5117
-3917
-280
4795
-1957
3788
-750
3492
-5085
5701
2371
3930
-3687
7777
2271
-662
-7321
7398
8019
-1548
3429
7977
-8035
-3748
-2110
-1187
-1014
3356
-8795
316
-6834
7227
8982
-9829
-4429
-2757
2099
-5814
6928
-570
7977
553
-7789
-1727
8318
-5187
-949
-306
-6729
-7978
4167
-9888
8182
5312
3943
2595
-790
9008
-791
-3597
9317
-4121
-5121
-7486
-6653
1136
9389
7055
8859
-9943
-3938
2599
3945
1614
-2345
8380
2871
-8628
-6484
-2427
-8555
1568
2211
903
-3824
4407
-6571
-2343
-5730
8954
-5589
9020
6787
6803
-9646
-3802
1166
9530
3334
7372
3158
-2146
-3861
5493
-9046
-8538
-9075
9540
8554
-7308
-9708
2035
601
8586
8384
-3313
5488
-2565
-8786
-3476
-4798
-2622
-8243
-8155
-7564
7656
-1742
7052
-2653
9416
1631
-851
5347
-8434
-7823
-8841
5300
2273
7149
2464
5599
1631
5194
7289
-9749
-8673
881
-1773
-9458
-9747
3701
987
474
-6054
-3711
4554
5795
-9586
9608
346
7478
665
-2766
-2975
7596
5120
3041
8977
-2305
-7892
-6680
-7872
4273
7528
-2907
-7307
-7000
5500
895
315
-2124
-7674
-3543
-6949
3257
-1583
6451
-3721
1669
2564
-3079
4451
3374
-5021
-1330
-9946
-7202
-118
-4519
-6225
1573
9770
3929
6040
2072
-2899
9133
2889
-3431
-8304
917
-5176
-7741
-2563
-9508
5682
-61
-880
6476
-7029
2976
4634
-4014
4505
5163
5050
-7533
4990
-4372
-437
-4732
5974
169
9009
293
929
8272
-7867
3222
-2022
5084
-8266
-6734
5946
-7853
8400
-1006
2905
-6893
6592
5214
3430
-2677
-6222
-7099
-2135
-8219
6891
-2135
3960
7560
-6476
-5452
1931
-4380
-8570
7898
-5832
4216
-9943
7649
6079
-7068
-9312
9217
9808
-4372
4026
-2464
4606
339
2544
4262
-3175
5288
1354
-3244
9656
8371
7578
8433
-7921
-6190
6574
9705
5871
1837
-4565
2248
483
-5667
9802
-202
-4898
-374
-8599
-3382
-737
456
1706
8870
2871
7258
8733
-1244
-1451
2256
-1986
1681
44
-5491
-7137
4267
-6094
682
-5174
-1031
-6338
2900
-2551
-5365
9844
7237
9176
6433
4559
-8760
135
-1782
-9979
-1912
-1737
4974
-5654
1452
1066
-1265
-5216
-369
8589
8165
-8221
4233
-1910
5383
-1457
-4755
1796
-5444
1667
6854
-827
-3401
3341
9135
-1600
6575
-5187
-3430
-3298
-994
4477
7348
2037
1146
7153
-6006
238
-6784
-2000
-7774
-5867
4982
3416
-1203
-7779
-785
-2004
7991
7854
6891
6357
4579
5905
-3909
9722
-2678
-1067
-222
3014
-2245
9271
6550
7923
-101
-7700
3304
-5466
-652
-6124
-2767
-9552
-9737
1758
1611
-2141
8623
1123
3573
4191
1425
2263
-77
-623
-607
-7041
5780
-6445
9967
1446
3375
6004
5478
1038
-3483
5859
7313
7015
6807
5096
-1324
7697
-4303
-9004
5321
-8978
2362
758
3036
-1343
-5715
6470
7779
2762
-8587
7265
-4964
4987
-2048
-1973
-8308
-1272
-8926
-8936
-2562
5524
-4186
-7694
8659
5101
-3028
2446
4309
-1373
5201
-3080
4657
7321
488
-7595
-5788
1484
7296
826
9879
1447
-9057
-2941
-6542
-9930
-8461
2802
-8644
-3165
3034
-9120
-1044
6811
6275
272
7979
-7388
-9765
9802
-3475
1438
3267
9166
-338
3401
-198
4476
3947
2552
-4073
-7376
-9383
-8077
2127
-4297
-1996
-7021
-4887
-2495
6713
9963
-251
1110
-8024
4362
-473
-8778
-8389
8201
3466
-4622
-1209
165
-980
-4786
565
-4443
9146
-5326
2268
-7951
4904
-2386
35
1655
1668
-7562
-4362
6042
1403
5126
29
-9823
-5148
-2890
-3163
-4728
4795
9245
-3486
-2825
687
-6551
-3824
-7323
1302
9318
9239
-7541
9504
-8956
1498
4225
-1221
-8501
5603
7976
-7766
-665
-3954
-3807
9936
-8379
-805
6994
-3723
-6613
4887
-6799
-5164
8680
-8292
8236
-8083
8534
6490
3235
-8744
-5885
4383
5777
6548
-195
-4110
-476
-8346
1368
-3720
7298
-8925
-2602
9948
-9113
-3679
-9044
865
619
-1392
3254
9820
-7069
-2776
1082
5211
-9127
-849
5515
2693
-3943
-6531
-3498
-7738
-8447
7973
-8062
-3395
5061
1696
9112
-6800
-7254
-6015
-9512
-4429
594
-4063
5439
4682
-8567
8205
-6375
6233
5403
-5505
7977
-2559
-6859
3481
-7316
-2578
-8010
-400
-6241
-8377
1429
-4613
-755
-3078
-8718
-142
9132
2391
1880
-9806
-6882
8375
-4905
-8020
1563
546
-2531
-2212
6022
2173
891
5623
54
-6236
-1686
9053
-2558
-5317
6192
1871
2537
5286
-7502
-8699
8913
7170
9073
-794
158
-7538
962
3344
-8029
9643
7215
-5964
506
4245
6979
-2235
929
80
-442
1396
978
-3126
1652
-3651
6782
1263
-3685
-4041
9913
-3279
-8981
-4038
3297
-5055
-4551
6322
-3153
6595
8054
3380
-4267
3241
9394
7654
4634
8862
-9021
6636
3715
-4770
1740
-6910
4476
8126
6095
-4354
9717
9355
-7830
2451
1200
4359
-5409
-5120
-6099
4716
1870
-3119
8999
7917
8916
-8648
-8278
4640
-4889
186
-6744
-9005
9274
6526
-5794
6498
8063
-118
-3237
-2422
6978
-6632
-8926
1556
-2071
-6900
-5724
7286
-8541
8479
-5681
2742
3479
-2975
3700
-2878
-340
876
4939
-2614
-1098
-4883
9198
-9705
8152
-8082
-1967
-8581
-2984
-5201
3261
2069
1875
5562
1046
2435
-4613
6762
-6681
-1678
353
4956
-4878
9848
9972
-2241
-9688
-4034
4107
-8093
4380
-5425
9750
2854
-8972
9990
-5270
-2879
-944
6918
3685
1157
9509
-8729
8776
-6534
3263
2248
9551
8337
-6165
-3096
790
-8949
-3950
-1287
-5126
2509
2396
452
-1147
-8997
3541
9826
1792
-7339
-4926
9769
-5438
4478
-6759
-7005
4849
-7148
1527
9055
8412
-4308
7368
-9543
7542
1265
-5045
-269
-6942
-683
-4681
4603
-4454
6046
7158
-5421
2729
2628
-9329
-2747
-7791
-1366
-3554
5315
-8133
-7743
8574
-7087
-5513
-9794
2063
-4337
-2043
-4974
3036
-4356
5959
4922
5302
-519
-4927
-5315
4172
-1641
-118
2085
-7772
-7353
-1601
7834
7624
6862
-984
-8052
-4478
-1626
1807
4635
5903
2015
-4819
-923
-5089
-8589
7689
-7446
-1209
-1101
-8221
-59
1968
-8638
-513
331
-67
-3882
4074
-236
9378
-737
5423
8083
9100
-2458
6142
-2242
-8380
1111
-3477
-1182
-4427
-7596
5858
-9277
-738
-1403
-2816
7590
9998
4812
3090
-8154
3332
-8871
-3206
-5860
250
5037
-1634
-8489
4687
-5581
4771
2829
-8811
-8885
7612
7144
-5164
3644
5466
4163
911
8474
-7738
-317
-4909
-8863
-4353
-1267
-9730
-2394
4072
-6245
-782
7886
7750
3911
-8497
-7842
6662
2820
8036
5852
9686
-312
4538
-3429
8187
-8316
3560
5502
5022
3603
-3779
-8584
-5596
-5025
2915
-7666
-3567
2584
-7220
-6654
-9360
-9277
8641
-6198
-6637
1178
-2454
1574
3446
3550
-295
-2041
-8739
2112
1814
-6288
7490
-3623
5104
-7000
1159
4490
-3598
6950
6530
-9680
-5321
7818
-3801
-3060
-2827
-5258
-9512
5174
-3790
-3836
-6735
-3577
-1374
-8986
-2637
5643
254
-8310
6050
-8542
4382
8299
8909
-8020
6230
-2134
-4685
2591
5808
-5083
9132
-8048
6187
-8238
8347
4761
-5987
6081
-8903
-8598
-2369
8809
-6955
5842
-5518
-2858
-5230
-9120
4836
-5777
6749
-8994
-8091
-9947
8929
8793
9892
-4657
-1997
4180
6143
-683
-4240
-9425
9957
-3781
4205
9663
-7340
-3204
5845
-2188
-2722
-5586
8068
-2939
-6955
-3387
-3701
3240
9405
-8828
-6054
9482
-1685
2541
-3725
-8657
9701
6434
567
8521
7404
7665
8728
-4531
-4190
6889
-7865
4043
6916
-5513
6117
7104
-4529
-2257
-652
-1707
-5284
-9034
-6386
1135
1028
8210
-8866
9797
-6854
9992
-9515
4364
4793
8666
-5882
-5415
-443
-3386
86
4736
-1825
-3016
6428
9452
9212
-2404
-5282
1630
6023
-7654
7381
7543
-2766
-1424
8103
432
2686
-2685
7862
1015
-6035
-3030
98
8834
9492
-7641
8279
1273
3069
3569
8467
-9311
248
2602
2740
-9381
-56
4407
9648
6539
2573
1130
9191
4548
-8106
8166
-8465
-4748
4028
1865
3029
1087
1660
-4098
-692
2350
-3201
-1926
7508
6908
-7397
5838
7373
-1161
3095
8860
3174
802
2629
7094
-2586
8854
-758
-2666
6671
-9619
644
378
-586
-2907
-4571
-9492
-4375
-4738
2738
-4181
-2982
9158
-8927
-227
-615
-365
8454
2456
1821
5175
-4401
8897
8283
-2428
-4653
1808
-7169
595
-6213
-6710
-3588
101
-7953
-2244
-7940
6320
1185
7228
-6996
7102
6100
1251
6790
-9420
-2807
3414
-2733
-5648
8964
-8672
819
8342
6820
-8
2324
6992
6875
1643
-4200
1997
-1599
-1993
-8735
6724
-2031
-887
70
-223
2561
9866
4555
3078
-2910
1473
-9891
-7985
-3135
4031
4383
7991
4316
-7027
-2560
-418
5519
7313
4959
-7535
1834
6000
-3863
4334
702
8175
-5678
2912
5525
2517
5687
-5044
6549
132
1781
-5285
6232
4233
-9813
9747
4211
-7385
7489
-6613
-5047
1631
-5910
-4890
2470
4442
9648
1672
9653
-8481
3080
-965
3295
-3423
8552
5869
4077
2147
-3002
9888
-59
9566
9576
-9132
-3379
-9774
4226
648
-7920
-4573
-8019
555
7661
-4514
-6419
9267
-1458
-3111
-8441
7135
-6656
2814
-1606
4281
-1580
-3313
-5125
-2205
-7778
-3939
1991
9125
-4693
8366
-9149
-5733
-3061
-2020
4917
1424
4440
-1479
-9491
59
4348
-1635
-7213
-8740
3000
-9571
-7125
7682
3384
-8260
-8520
9237
6621
-1376
-2158
-8087
3491
-6970
5403
5715
-1433
-5768
9400
7127
-7693
1410
-3327
-9963
7277
7068
-2330
-9453
-4261
-1309
-7649
6048
5247
7307
-6110
8349
-3752
-609
768
-5740
-3958
7759
-2181
-7516
-7370
8874
2872
4790
-9216
-228
9481
-1893
1681
-9589
-6631
-7509
-3769
6517
-2073
-9870
-216
5731
-3160
-5455
426
-5557
1661
-9993
-1424
370
5424
-2010
929
3892
9248
4651
7844
-8281
-4686
6286
369
-1061
-7839
-6036
-7013
-3782
3313
2577
8666
-2905
2023
2085
-5968
-3696
-6873
4204
7597
-7893
3768
1220
8544
1356
134
-7138
1705
5260
9061
427
2250
5165
-6913
-8517
2774
2894
-1325
8433
3672
8979
-1101
9960
-8324
3714
-2219
2119
-4843
1973
8689
-6299
-7550
4404
-7674
615
2937
-1196
-8463
2240
-6573
-7541
-7155
3592
9168
7336
3819
6487
-3182
-9641
-4171
-6409
-6628
-1442
99
-5146
-5163
3199
-2424
-3306
-3701
-351
-5880
-3457
-1459
-5422
4154
4208
-4251
-663
2578
-7327
7540
1684
8877
-4905
-1043
-4154
7822
-8594
-1722
4807
-1387
4467
-8462
5085
-9727
6775
5279
1630
9309
8516
-546
-6409
737
2287
1199
-4110
-9801
-4636
9481
-7539
3006
6811
2224
5115
-5305
7543
-5211
3606
2781
-1535
-910
-9436
1742
6913
1932
-3077
-3554
-3294
-6447
-6084
680
70
5954
-7917
-9988
-8614
8275
-2933
-7895
4937
-9679
-1223
-250
3812
3100
-9321
-6242
-4335
748
3547
6447
-4925
6014
-6017
-5303
-7084
-5494
-5527
-928
3608
-1034
-1021
-8682
9535
4829
-6365
9480
3050
-551
-5358
8320
-3241
-5477
-3328
-835
-6256
2223
-8660
6229
9723
9746
7529
-5325
3595
2151
-3055
-8033
-1579
6867
9260
7827
4871
-651
1774
9101
-4639
8252
-1881
7267
-6331
-1502
-3493
-764
-117
-6779
-7951
-1105
-5185
8579
8638
-6060
-2795
2380
-4883
-6500
-549
-2629
-9421
-1468
-5687
3664
-9416
1619
1917
-8973
2500
1574
3809
5102
-7388
5323
4035
-8464
-2833
-8203
-4370
-8069
-2238
-4869
2442
9664
121
-8360
-294
4280
3431
8991
-8044
-3271
480
5213
-8072
-6144
4476
3319
8078
2480
-1631
-2462
-443
-967
2888
-5358
-1972
912
-6029
-8302
-6434
3151
-878
1753
2019
-7081
8952
-8203
-3480
-6788
-3178
7449
3005
-2604
8902
1767
8013
2849
-191
-6499
-673
7244
7209
5812
-723
-157
7328
-1540
-9941
8412
3283
1261
-1561
6937
-1489
4996
-8860
-4571
351
1296
-8863
-4601
-1113
-5593
-3591
-9240
-5539
-2204
-5103
7632
-8299
-5452
-4988
4671
2442
-2801
1026
-5214
-1904
7222
-4586
-6735
2086
722
-2445
9986
-1374
-1716
-4585
-856
-7498
9048
4831
-2444
5262
8229
-8133
-1620
6322
8521
-3108
2827
-9440
4852
7128
2360
117
7883
-2709
1484
-2534
5409
6162
5624
4053
3023
-1546
-7298
-1316
-5487
-1370
-920
2990
9302
7566
874
-5833
4610
2142
9552
-4454
-8736
3674
-6831
394
46
-3793
-6826
-9564
2093
-1537
7618
658
8236
-9237
-9017
-4282
2787
9490
7071
2505
-6836
-2150
5818
871
-3448
-8860
-8474
1335
5363
2538
-2600
7430
-9711
1648
6301
-6826
8755
8088
-4251
1295
-2600
-2718
8281
-629
-8319
-5822
-1789
7664
-2527
3080
3463
-9983
6026
179
6826
-8421
-2359
5791
8776
6371
-6956
6702
-4933
-9721
-7925
4208
-2635
3826
-3444
-7331
460
-2229
-5689
8568
1784
7321
-3732
9686
-84
2121
-5506
-8605
6789
-301
-4117
391
-8080
-6313
-1303
714
-114
8835
-9747
1302
-9394
-4079
6907
6869
411
5574
7569
4903
-4957
-9016
5808
5779
-2850
5698
-2055
-9996
-6535
-7908
-5336
-9189
-7111
4942
5040
-3164
5511
3197
8239
-2816
6701
4870
2932
-8987
-8990
4367
-9857
9266
3537
-2756
8154
9776
-4860
9549
-9778
-6498
-1304
180
-4480
-8565
821
-6404
-4404
-7655
-9777
7984
-8642
-1398
9551
-5524
1665
7962
-6621
-9501
7567
-1129
8270
2681
-9248
-1185
-9782
5912
-4648
-6033
3637
-2831
5576
-6925
6810
5589
-7769
9975
-4799
2582
5868
-3059
-5876
-6649
-4072
3928
1069
-9735
8695
8339
9533
-1334
9187
4594
-699
-9810
-6936
-7298
3798
-2352
-1541
-3672
3402
5183
8816
-8247
-3878
-3885
4416
5032
-442
-8878
-3426
-8343
6361
-7707
-6945
-5230
8153
1045
18
1639
-6530
9706
929
2253
-730
-9849
3967
484
-96
1443
-504
2263
2115
-4388
2954
-680
-7784
-6059
4270
-7969
-7469
-3031
3998
-7427
-962
-7831
1780
-5929
2675
-9390
6559
-7623
8447
7994
-5483
9365
-2450
2629
-3042
2238
-9660
-5873
5439
811
6266
-5712
2251
5173
-4651
-6669
7637
9711
3816
7987
-3900
-6951
-4419
-6578
-744
-4701
2849
6390
4311
8903
2511
3014
-738
2897
9451
-4079
5190
5234
-9974
-4338
-6268
8725
9122
7382
3200
7134
7884
1878
4317
8520
-8164
9710
8141
6561
-2749
-5232
-9470
3487
7966
7509
-8712
-6595
-3321
8075
5029
1750
2964
3502
-91
-8861
-979
-4879
-7787
-4180
-5490
1403
-9701
-6827
1178
357
-229
5385
3480
-8142
500
633
-4195
7899
8163
-914
-3007
-8788
4011
-139
-1614
6247
-980
5670
3429
-4219
-3902
-4393
5637
6341
-8425
-4986
6071
-3506
8160
2135
-7884
-6916
7809
6589
1022
3936
-3381
6913
-2855
8704
-5780
-6729
-4004
9139
-3790
-1937
-3802
3525
-5726
5897
9960
-8909
-4477
-100
-1454
-3595
-2541
-3723
-6958
-5798
52
8899
-4974
5832
5104
-9910
-4212
-205
4680
973
9025
2990
-8848
-3707
1117
8037
6355
9035
-60
-3714
-7541
2275
-5422
-2912
-9079
-9225
-913
-3449
4098
2508
3693
8386
6259
-4369
-6313
-7475
5647
-2280
1882
-3225
9436
4058
-1416
4429
8990
-5802
-2275
-7906
9308
2027
2709
-6932
9699
-3584
-1342
881
1976
-8763
4008
9979
-5213
-8916
-4863
3124
-9191
-4056
8364
8877
1138
-2781
-9475
-2586
3738
-3864
-1983
6717
1188
-6159
-124
9431
-9252
1217
646
8270
6829
5102
-8371
2019
-2484
9442
3778
7959
4665
5848
-9284
-4729
-2157
-4971
-1531
-2462
1682
1271
6741
-6446
7479
-1152
8887
-8021
-2028
-7807
-7084
5141
8906
7059
7647
-8505
4528
8139
-7833
8158
-1571
1913
-7564
-8144
-8307
-8830
-1013
9093
-9583
6895
1561
7454
845
5658
-1460
-4437
8974
-4316
7849
-5281
6070
-9636
6492
-8291
-8819
-6316
8753
-3246
2194
4831
1895
1397
5246
-2613
-9424
-9182
9568
4650
5454
4542
1634
-4398
-3001
-310
4894
-2174
5099
-530
4189
7008
-2712
5646
1586
-3259
-2418
675
7100
-2855
2637
-3887
-619
-4221
-4138
3726
-2405
2264
4596
-1741
-7580
-1401
9187
3180
-2835
792
-4514
7669
-9259
6090
-5913
-6735
-1301
-1910
4334
9966
-7121
1396
4457
-2303
6966
7794
-6746
-1209
2250
4862
7380
-3464
-1403
-7594
1131
437
761
2887
-6665
-2278
-5007
-6463
9077
3785
-144
8496
-5297
-291
3822
-3133
-1574
6136
-7475
5116
-6353
-5781
4812
-770
7145
-1390
-4666
4108
-2728
947
-6514
8915
1743
-2077
-5550
2004
-6958
3879
-6023
-3409
8468
421
-7659
3415
3863
-543
1031
815
1969
1181
-6534
-2656
-6727
-4481
-1230
27
-5980
-2098
4945
2039
-6873
9440
4891
-8262
-8505
-28
4504
-4796
-3923
-6497
-9834
-819
2355
4937
-5075
-929
6170
6250
7069
-7071
-1603
-2108
5272
-6436
-1628
-7713
-291
-1806
9617
-8249
-2599
4238
-6131
9488
-8272
7481
-6219
9935
8065
9611
-2323
6442
9335
-8016
2349
-3127
-5437
5975
-9134
9068
7863
4130
-333
-77
-5113
-5105
-1603
5760
-9981
9303
7038
-7812
-7783
-8066
-6391
45
-5979
-7544
-6295
5987
1926
-844
-7494
9774
-4272
4124
-6611
611
4709
6550
4186
3348
9018
-5642
9970
-6885
4224
6587
-4279
-6421
1740
-7115
-8614
7939
2411
782
9937
-9920
-4625
8553
5640
9531
-9576
8636
-5816
3295
9471
-548
-2542
679
5321
4125
1645
-4047
-2676
-8615
-1588
843
2639
1189
-4838
4889
-2102
-2158
7987
-1061
-3143
-1963
-1028
-1519
-9195
9759
3904
6585
-5526
-9533
5155
2471
-7749
3756
7533
7635
-2402
-1456
8818
3228
-8640
-2249
-661
1677
2994
203
2022
5620
5735
-7861
-4526
-2007
-3157
359
9323
7211
4405
7084
-5995
-2052
817
653
-831
6771
-3334
-7649
8451
3565
2179
-3755
3223
-9662
4733
5011
1854
-4747
-6561
-6019
1461
-8334
9636
-6250
-488
-3027
7067
-1669
-703
9113
-9020
1570
-7766
-2445
9587
2130
5473
7261
-7907
-7861
-365
-2302
6598
1606
5367
-6706
1871
-8082
-2407
-1981
8857
3553
-2540
749
2118
-3286
-7404
9487
-3618
9150
1810
-1489
9896
1701
-2049
2937
4194
-6088
-8505
-2610
7719
2076
4504
2324
5548
7654
-1699
-3797
-5780
1846
-5333
2422
1495
-8129
239
-8064
-2846
-6840
7139
-6500
-3147
-724
7027
6065
-6089
-4979
-5197
-8651
-7380
3142
9955
4643
2437
-337
-3938
-6762
-7536
-2830
-4365
1484
2350
-1793
8005
-7934
8581
-345
-7077
-59
-5897
8923
2975
-8231
-5602
-9543
8518
-2754
-6309
-2419
-1337
6366
-4833
826
4172
6269
-4546
-9287
3840
3981
1636
6383
1965
6176
2614
2029
-316
3386
7779
4846
9129
-1877
-9330
468
-4787
-5557
5712
5648
-5906
-7422
-2128
4559
-543
6282
-5419
676
4308
7263
-1892
1573
-315
-469
-9280
9634
-7758
-2528
6801
8830
9878
3970
2300
-8381
7287
849
-8652
-3725
-747
2866
8226
6508
-284
-3970
5046
-5900
-9142
-941
-5147
-8786
8359
-4191
1236
-726
6950
4621
6305
-5651
7144
-9763
-970
-8975
3718
-7173
6615
6918
4611
-4568
-6532
-674
2806
-7595
-3979
-6789
8292
6083
-2298
8731
-5694
9093
-348
9275
-3341
5911
2483
1680
6109
4457
5010
-5922
-2013
-1150
-7396
-3689
2574
-6562
-1515
-5138
9925
4162
-486
-4547
-3712
6169
4297
3593
-7073
-9766
8520
7872
5113
-7217
-3314
6144
7930
-1932
8201
-190
6780
-5
-2599
823
1829
-4956
-1382
-6985
-399
4857
-7651
-2502
-8259
-3376
8648
7703
-2511
-1780
-4596
-5804
-5223
7500
-411
-1902
-9253
9754
-1067
-6181
7489
-1212
289
2510
26
1419
-4878
3182
5260
5961
-1914
3658
6687
-9661
193
-7883
9159
-905
-5309
8003
-4659
-8790
956
3447
9976
-3633
-718
-9607
-6342
-5335
7852
5241
-9552
-3659
-647
5615
-6751
-2420
8221
4981
-9559
6014
-5041
-6718
-8610
-431
-3423
8805
1900
6844
-9351
8639
4065
709
9395
7355
-3769
-8779
-1737
1708
2354
-4677
-6748
4142
-3084
3733
-9977
-4294
-9056
-9949
-5198
-6761
2938
8446
-2719
-3549
4108
-5827
4245
2475
5141
7639
-3125
-9090
-7971
7257
-7957
8141
1516
-5300
6107
2244
-142
-3592
6302
9544
6629
-7492
1993
-3573
2490
-8449
-4686
7093
9585
8668
6791
-174
-6515
8245
-3475
5482
-3375
9734
-6259
2366
-2137
3284
-5678
2827
3417
-1796
2932
439
1478
6784
-3909
-8482
-6777
-9184
3446
-712
-2429
6238
9859
3778
-6608
-1380
542
-3950
-8582
-8415
8266
-4663
-1217
467
1994
-7923
7367
7301
7900
-3024
1964
3012
7779
6760
-9696
-1328
7912
1988
-6435
8303
-4706
5545
-938
-6314
9773
-2009
2816
-1799
-574
7532
-7599
-2662
-322
2582
8461
-4416
8362
1516
2216
-1271
4799
3814
-5040
283
9883
6540
-3408
3605
2371
8274
-1733
8268
-3130
-7332
-494
709
-8933
7646
6285
-5500
632
6127
8491
2035
3044
-1896
-4539
7377
2593
-2408
1156
5034
-6644
5888
53
-4182
1483
-1999
-6083
5154
4738
5578
2777
1038
-1766
-2532
-3542
6922
-1171
588
-4445
2989
-4970
-1425
1066
7263
-6233
570
-3502
223
530
2708
1352
-8911
-1551
-4820
-1528
-5183
-8652
-805
4304
-6764
-6954
7215
-9959
1385
8402
7467
7643
-9812
-4167
1990
-3329
8340
6660
5931
5894
-5802
8897
-5349
4926
3297
5552
3382
1163
-8346
5170
-4111
8887
5796
647
9472
2911
-7788
5036
-2291
8354
-248
-8712
6012
1663
-9949
-4339
-5350
-3345
4730
4814
2434
4782
-4321
-8064
9778
2318
-4232
-1831
-1142
746
-8268
-7385
7386
-5771
-9182
658
-5421
-7219
-9001
5770
2697
-328
-3245
-2605
7115
4098
-7594
-3399
-6888
5512
-4063
-2388
6872
-9579
3071
2034
4792
-8524
-5043
6716
8567
-3283
-3925
-8750
8752
-5491
-2500
4331
-4123
6131
-597
60
-6934
-4697
-1082
-7844
330
-9317
-8456
-9047
614
-9538
-8944
-7790
-1718
586
-841
-1281
-7304
9236
-4533
-1564
-9762
-8985
-2800
-563
-7987
-6199
7148
-4818
-4174
4608
5933
1795
5112
-614
1739
-6577
5342
-3871
4299
5192
-7754
2343
-5309
2248
-4357
-638
389
9988
8416
537
-6812
9948
764
-6432
-4741
5367
9166
1414
9199
-1125
1078
-3743
2131
-6481
-4666
9229
749
5604
-9958
-596
-1301
9185
2771
7765
6043
-6548
-8400
262
4540
7947
-2166
-8973
5864
-3592
-8126
5561
-2705
-4050
-5027
7880
2660
-8922
-6079
-6008
6338
1223
-7308
6649
-24
-4078
61
9838
4533
-4778
-1253
6298
-3695
3445
4027
-9216
2656
5284
3941
-6895
-9078
-4782
-6545
6296
5257
6394
-1600
-2429
3130
215
7139
2632
402
9776
-2809
8853
5739
6175
6682
1920
-9519
5219
381
-1599
-5509
-7416
6564
8024
-3752
3929
-3608
-4041
-2159
7356
-1740
7213
5816
-5903
-6462
3321
8965
2613
1372
-2234
-3437
7760
-6057
6444
-8848
-9571
5050
-9938
5672
4327
-5765
8381
6282
3021
-1861
-7456
-1175
3563
1837
-7278
7807
-1224
-4260
3365
-4658
-3222
1366
7040
-8682
8468
-59
3292
7510
6431
-7958
-1118
-1508
6183
2777
-9123
1054
891
-5262
-4857
-6592
9041
-8228
-8539
8076
4327
-5795
7329
-7482
-7400
7340
5655
3118
-9776
-1165
-5691
-2220
-7882
381
2402
-1577
-6792
-8213
7245
-7677
-616
-8930
-7254
2602
-9350
7603
-8475
289
1720
9327
9342
-9032
-1682
-3008
-9744
-3115
-8313
1008
1156
-7288
-3773
-2736
-1637
788
7791
-3388
-7918
-2034
-8022
-1212
-9492
-3139
6256
-964
-2641
-9931
9958
-9928
8088
-8930
-4263
-5179
-7112
-4010
-2660
-3265
4663
-6480
-4554
-9371
-9858
5627
1504
3500
-4275
-2849
4179
2893
9504
-1259
-2890
1669
-6244
-9558
6998
1584
-2971
5302
509
-6913
-7833
-3526
-3565
2926
-980
-222
-1766
-3601
5176
-600
7565
-7645
-6668
3439
5023
-2715
-5744
385
-7422
-7951
5384
9101
6519
-3525
-5166
-4236
-7094
9798
4536
9995
8603
-7689
3785
3075
-2115
1547
2064
-2830
-9387
7217
-9507
8971
-3550
114
6346
3860
3318
9014
-6312
4704
2295
-1464
7610
-9872
-2945
-4483
-9478
-9916
-8715
-1069
9571
1803
7165
-9320
-3626
-304
7158
-9314
-652
-5597
7948
410
1441
-2348
9706
4258
-2850
-6683
-9548
-1656
-6449
998
6544
-4437
5310
6821
-796
7682
-6692
240
3717
-6911
3334
3012
-4272
-5409
-7316
-6096
-56
-9508
-8854
4794
9719
3999
2615
3770
-5318
6121
-3884
-9821
8364
-7200
6889
-325
7062
3420
2034
6880
2797
9394
8532
3194
-6419
-5556
-3667
1300
-9171
2076
-4473
-6024
8267
1143
-4128
-9923
-4683
-284
1716
6998
-1570
1262
-56
-2559
2175
-6270
4619
5587
-3101
-1922
-7771
-2634
-98
2002
1872
2450
6793
-3811
-7384
2217
-1111
-6621
4417
1042
3769
7375
6403
-9845
-6024
-6158
-1148
-6097
-9196
-9644
-626
-2468
-8003
7700
-2152
7977
-6530
-3066
7719
-8607
-5032
-3394
-3543
-5925
4593
-363
-206
9719
-7843
4979
4586
1429
4733
2936
8780
6099
7552
-9432
-7013
-246
-230
-9814
-8944
-1765
7152
3010
-3575
4235
-9934
902
2951
2046
1133
-1319
-2854
570
-9194
-9950
1759
-6975
-4949
-6464
-3368
641
-4320
7765
7433
-3823
568
-5147
7810
8096
-4545
9618
3674
-7584
-6751
6455
-1961
-8654
1679
8157
682
-9853
-6382
-6452
6163
-571
8575
-5349
9007
3108
1544
-2817
7106
6173
3762
-187
-7122
-2784
8395
-7471
-8525
-5866
1887
-8933
4427
-6479
8980
5953
3086
1487
-265
6975
6919
3563
-4956
7393
2477
7197
4454
-9309
-843
1380
7364
1929
74
1039
2480
-8876
1799
6445
-1304
-8242
8365
9265
4256
-984
5226
494
8696
8454
5488
7031
2622
860
-7243
2895
7352
-5206
-9482
-3112
65
-93
-4391
6362
-4893
-3625
-243
80
-3509
-6815
-705
6618
9234
1081
8678
-5845
3259
4551
-6824
8998
6283
-1359
1624
-8141
2961
7229
-6685
-4830
-8615
3605
-6076
-2922
2620
-417
9588
-7135
-7392
998
9319
-9494
8559
3363
-4145
3204
77
-2136
-13
3124
1304
-1852
-6654
-6624
1832
3486
8791
-746
2033
4059
4388
-2595
9168
5313
9216
5458
6126
577
4697
904
6736
3079
-7133
-1899
-614
1025
-3152
7908
-6380
2595
7936
-8864
-6685
7493
-424
-8091
1408
6652
3439
-3101
3329
4816
-4294
3387
-4154
5108
9377
4035
-6560
-87
-1892
-7260
7705
1950
-3398
2928
-5740
-6730
6521
-3336
7656
-7601
-5609
1343
-7122
-9185
7854
2127
8454
8599
-8339
1451
-5744
8649
-803
2109
1821
9905
-1827
2721
-7557
437
-6800
-8393
2471
-8668
8564
1667
-8305
-2061
4090
-3584
1163
6934
-6380
-4084
4899
796
6047
8401
-7311
182
8850
5192
1721
8660
-8516
-6909
6957
6087
3320
8476
2394
-6405
-4624
-320
-8844
-1244
-6981
-1092
-6280
-2701
-4276
-3104
549
1815
-2963
-386
-7921
-4548
-8777
-3003
9156
7016
-509
8560
522
4401
592
4484
6671
2687
6145
-7229
3589
-8178
-8696
-2797
8290
7921
-239
8054
7926
4988
-2813
-6269
281
6843
8061
-4672
1994
-7820
4579
147
-4857
-3586
4236
5966
-2324
-8918
-5826
5457
-2416
3148
-8510
-5581
5621
-7326
1650
-3217
9317
1805
-901
-3547
5424
-8526
-4416
-3046
2003
9626
-2744
7092
8387
-1414
-7979
-5226
6157
1640
-5442
344
8316
269
2366
-8056
7112
8791
4398
8788
2382
4014
-2356
-6849
-3407
-108
-8523
-358
4181
-7714
2222
1847
6102
-2653
-3011
4667
-6734
938
-2574
3141
1503
6326
-5039
-9642
3357
-3627
5012
-8356
-4965
-750
-362
-5439
3432
-4838
2982
7968
-9595
869
-8839
-9889
-6287
-8295
-3948
887
4325
1856
-8036
-367
512
291
4380
-3289
5408
-3069
4572
9363
-2598
4370
-9746
3718
4997
-6080
-5500
-594
-4656
-6084
-9029
573
54
-6978
8953
-6594
8733
6362
-4784
-8234
-631
-88
-880
-195
-3562
9703
9928
1817
8758
4971
-5980
4832
3480
-6734
-5879
-7109
4530
410
-4759
-4414
-3868
-5566
-7664
-5871
151
1559
-5004
9255
-8428
975
-3775
-4592
-5021
-3713
-574
2899
-1017
8814
-2543
5675
95
5566
-2391
-1922
-3498
2311
-4435
1792
9094
5018
5915
-6616
1741
-6036
4655
-4092
1275
-1850
3408
6730
8075
-2327
-7805
-453
1646
7058
-5708
-3326
4446
-1626
4548
9867
-3302
8499
-6880
2738
1035
4595
-4199
7121
2349
-5964
-4762
-6241
-9799
3942
-901
-1094
-804
2690
-9466
7709
-6516
-37
-6193
1441
9461
491
-3063
2887
-5088
9342
-490
3521
7756
573
1092
-1449
4809
6952
-9944
-3409
555
-486
-1884
-4796
3521
-2370
-8799
1137
-7355
-9321
-1017
-5296
-5932
4602
-6752
8073
-9741
-7919
-8834
4247
-6191
-7453
5931
5581
2485
-8945
6289
-9178
4757
-8138
-4044
1527
-4095
502
-6025
-419
2933
2153
-9467
2723
-6892
4472
8394
-1935
-8869
-7435
-2210
-1814
1217
708
9804
8559
-1391
-4013
9192
1467
-4510
2212
-4479
-1478
-3443
8817
5349
5640
-9421
-4607
-5445
-5540
1856
-515
-4376
2845
-8450
-3806
9015
-8601
-3223
-8592
7114
-3170
573
-6061
-5946
5749
-6846
-5270
-729
-3601
3784
-3232
-89
4217
-6941
-6635
-7998
2060
-936
-5701
-8323
2408
-359
-3874
4596
2834
-8895
-568
-8324
9767
6657
2382
1898
-8335
-9700
-9561
-53
-5394
-5756
9671
5896
11
973
-1180
-6264
1829
4158
-3827
2152
8745
2125
-8195
1147
4442
3247
-7671
8977
-1918
5837
8443
-6825
4545
-2348
-8570
-9709
-5736
-3206
2484
7520
-3510
4245
2221
3936
8942
-9701
8082
3990
3553
-8052
-8217
945
-8480
-495
4243
7306
-9545
-2599
2676
7867
8628
1350
-8553
-5568
714
-8357
6708
6026
9058
4670
7740
-4242
9333
374
8852
3002
8755
-7534
-8584
-3265
-3025
164
-4896
-8968
-9461
-4435
6932
2277
-5251
4446
-8625
9788
3673
-6411
8847
-6583
-5072
-155
2360
9428
-6008
7778
-403
-2538
7419
9420
-1592
7071
-8029
5100
-5464
4240
5489
-4402
-9902
8108
-4271
-8000
-4975
-770
-4137
4010
-7257
1855
7211
6736
6290
-9163
6661
2305
-5455
-7851
-1750
-6787
2252
-5488
-3157
-3360
-7137
3211
8271
-4102
7905
-3350
5084
7032
7578
8
-2936
1245
-2951
1742
8059
2052
-1067
-7938
-445
-1385
-2549
-7755
5770
-316
9257
-5716
2087
2792
-6665
-2335
7759
-6884
-5148
2164
-1080
-3481
-5154
843
1028
4535
-5730
-8817
9991
4243
-2269
-6371
-3488
7672
-5407
33
7743
-5784
2541
8578
-7423
4292
-768
-1751
-1044
4601
-895
1210
3444
-2598
-4368
-6709
2132
-5137
-7470
2397
2310
-9992
4303
-7680
-8775
1771
-4763
-6413
-9289
-4719
-6372
5261
6569
-7806
3342
-2660
-6693
3841
3949
4075
9772
-2471
888
2713
-3118
8287
8632
-2722
229
-115
-6039
1124
-1923
1624
4058
1871
-1431
-3759
-4957
8958
-9118
6553
8633
-4708
-8646
-2614
-175
5043
-8395
-3481
-8299
4950
-269
-753
-7865
9816
3133
-4421
9389
-2196
-3052
1342
-5495
-9703
-7047
6329
-2885
4946
-2585
2233
-3492
-2917
5369
1750
8232
-5890
6566
-7862
-922
-9751
2212
-6385
-406
9662
4452
-1315
9012
-5800
-8600
-9507
3399
5224
-6809
3943
4232
-230
1164
6118
6187
3817
-6961
3497
-2155
-3071
841
3131
-8728
-8958
-3986
-4402
-7720
2508
4916
8256
9469
9623
-3156
5542
1648
4665
-8002
1583
-3475
-8440
7099
6152
6605
-2178
7762
-8180
5920
9710
1872
9867
-3668
-6401
-9544
-3786
1774
-56
-4004
2701
-6948
-1582
-7480
9664
-6588
-4696
-5657
-3735
3262
2663
9033
-3736
-6679
-5368
-6891
-6046
8530
9209
-4123
-1150
3390
-3522
-8214
50
-4954
2032
654
472
-4645
-8703
8911
8651
-6148
-5818
6338
5388
8782
-3104
1023
6501
-8101
-592
-2767
-2055
-6022
1992
-1336
8127
-1562
-4598
-5169
-7832
6922
9981
492
-9404
9923
-7706
9237
-9069
1084
4840
7189
-8330
-4791
7578
-6550
-8052
8828
1850
-5128
-6291
-4968
8122
-4497
914
-9030
-191
6510
-8418
-1380
-9638
-7944
3081
7255
1668
3468
-1037
6398
-158
9991
2463
4367
2917
1675
7084
-537
5982
-8991
1460
-2624
4563
-484
6889
-321
5452
7931
2312
6188
1892
12
2575
1310
2584
3768
-4824
1807
-8992
-5849
-2636
-1284
1623
3504
-2990
4425
2787
3537
-9112
-5423
4675
-8412
-6184
6152
996
-1805
3744
-2971
9772
-1823
-5602
-2060
-7934
-171
1875
-1708
-6888
3625
-9363
1935
-6950
-1077
-6068
-2929
5794
-9179
-1226
6255
-8434
-6786
-9865
-610
-6930
9959
1511
-5560
1961
4995
6784
-2088
-8161
5
7898
-544
1934
2975
-4862
-4263
-461
4678
-9629
-6057
3339
-408
-2552
-4103
6380
7690
2454
-5362
-2523
8383
800
1003
-4723
-2986
7262
3457
7913
5458
184
320
8385
5743
-4820
7997
8422
-8230
7491
6656
9586
-3323
-9509
-6878
-5922
5904
-9186
-3865
6484
-3886
2841
2939
4302
8474
-6201
-8623
794
-713
-4576
-7153
-946
1
-8343
8466
-7336
6931
3887
7533
2984
5048
-652
-6660
3586
9211
-9864
9807
-4971
-7264
6317
4252
-2416
-9791
-7675
-2779
6075
6645
-6978
2525
-1002
-4033
2138
-186
-1502
7444
1454
1093
-62
6871
9304
9547
6770
-9096
-6951
8871
-7802
-9226
-6787
3538
-449
1341
6854
-7335
-1458
6956
5387
1725
7195
6881
3670
1452
-2380
6672
-5165
-2223
1746
-5960
-474
-7556
-5640
-7365
-6127
7502
2120
6609
5239
-3920
4617
6232
-7018
8084
2221
-767
-2120
1191
9080
-5391
3328
988
-9368
7207
9388
-274
4447
9772
-9074
1081
3931
-3544
-4478
-5857
271
-4637
3320
-7129
7823
-3064
4575
2204
-1410
-9358
-2012
-4079
963
5180
8640
-6466
-3525
-1416
2418
-4173
-7549
-9327
7912
7870
2321
2920
4976
-7313
6174
3152
7398
-3998
324
-8277
-5976
-9467
-4900
1368
-7686
-5300
6534
5130
-9838
3694
8515
-5465
9234
-6566
-4908
3600
2248
5456
9222
9825
-9591
-1238
8604
9728
8848
7675
6133
-8122
892
2860
-6078
3079
-3539
-8354
-5694
6881
6293
8765
-7738
-345
-5042
7996
-6200
4297
-1216
-4290
-480
-2723
-3682
5665
-2272
4481
-2737
776
-9980
-4797
-3777
-4225
8382
5179
5512
6107
4635
-1630
-4197
-8159
5426
8536
-8651
3542
-852
-1947
1409
4309
-2235
100
-2139
2171
-4289
-3172
5327
-2859
4665
-1755
8940
9043
-2110
1250
-7529
-312
4189
-2462
9039
4618
6328
6748
7304
-1689
-1316
-9723
-7253
-7609
5227
-3277
8009
-5221
464
-7300
-8453
-1090
-4310
-5666
5337
7953
2523
753
-2570
-7550
3440
-9759
-2847
-8259
9048
9322
7306
6299
-7664
5844
-6417
-3816
-3413
-6977
7445
3480
9335
-633
-3182
7885
-2657
-7712
7974
-1495
9520
9762
2139
7007
-3685
4489
-6285
3626
4480
2701
-2356
3909
816
-7711
6691
-9010
-3510
9322
-7244
6649
-8245
-7771
-8322
5041
5900
8156
1981
-1618
-7181
-5497
-6475
-7924
2472
6056
5660
2745
-1972
-1298
-9862
2766
-3049
-1733
-7461
1871
-498
-6688
6464
-1967
4567
3563
1743
5103
-4756
-8828
-8742
1155
978
-9845
-3924
-4397
-1828
4698
624
-3435
1580
-1256
-5749
-4093
5351
4045
-589
8676
4181
2442
-5423
-9654
-881
5514
-7031
5331
-3444
1688
-963
2722
7413
-3230
-3436
-4065
-5957
-3416
-7258
9574
-86
6073
-9038
6911
-1161
9592
6976
9358
-2287
7391
-2734
-6495
-5884
3873
-1620
9760
877
-1358
-4309
-964
-2832
6864
2202
1935
-3187
3457
-2294
-3399
249
-8078
-2264
-4730
-4783
-6522
-7390
2084
4698
4441
4616
-5713
-3586
8749
-6588
2078
7473
-4134
6619
5757
-1956
3878
5851
227
-2652
-4621
-6565
-6012
-1430
902
-7820
7969
1732
-7575
3743
-7430
5546
2473
8685
9075
6278
-1477
9905
-1665
8235
7912
-2359
749
-7837
-1854
7873
6119
9452
-2073
-6906
-5151
-4120
-3594
3010
-2301
-3667
-5319
-8381
-6269
7810
7063
-8471
477
-3358
971
-8588
6594
2308
7581
-5778
1101
6933
-7398
-4028
-164
9852
-4640
6595
-2837
8015
-6001
-127
684
3614
5274
-6775
-3482
4810
-3900
-2327
-6344
-8101
-6495
-3615
-8713
6247
1133
-7769
794
3053
3447
1877
291
-8811
-4895
8100
3573
-5441
1701
438
7440
-9358
7105
-3179
-2898
8622
4752
-3644
2447
5896
9680
-7630
5867
5595
-6448
2319
7638
-4770
-5387
-9120
9608
7311
6367
4459
-254
3150
-1515
7678
-2473
-5064
7530
-5525
-1006
-6771
9987
-4890
-9421
-3439
2400
2423
-4886
7830
9575
-2672
861
-8240
6617
-5675
-3055
5000
-6390
-6103
312
3089
-5734
6954
-4634
2673
8972
8503
5192
4239
-1092
1887
-3017
7975
1901
-6
-4895
2857
2537
2426
8696
-232
1449
8176
-2641
252
-6432
1783
2281
3091
7764
-1494
-2166
3582
250
-2145
1289
-1265
8510
3049
91
6792
-3702
-3498
-2804
880
1081
-1961
-6413
4198
9434
2916
4563
-9918
2606
5235
7019
3792
-4358
-5150
-346
-6105
-9097
991
1858
-4578
3639
2339
-400
-7521
4638
128
-7612
2040
-6194
8824
-1130
-7985
-3516
-4462
8531
-7641
2761
-1811
-1668
-2115
-6436
2335
-5956
-6368
-8177
-5527
3907
-7436
8501
3288
510
-8949
6275
-4439
4239
-829
1816
-9484
-3881
-397
6136
3134
-1524
4520
7751
-9692
-6902
7096
-1793
-7966
2032
3551
-7902
5978
9754
4975
6162
-2789
-5827
4403
-7232
-3966
-4099
9511
4084
-1026
-1594
6629
-4540
-6060
-6446
-7165
7033
5083
2184
5734
2561
-569
-658