2156
-39
-2344
-2047
7771
-8679
-2133
-9123
-6559
4408
3315
909
2983
9932
4231
-610
9799
-3214
-1875
3756
6609
-4357
3896
5188
-278
5471
-9295
-7578
1178
-8487
250
5927
-7508
-5517
6406
-7760
5339
1154
-1204
6958
7078
5088
-8316
3323
5502
9804
-6114
-548
-586
2423
3210
9731
-6536
-2390
7337
-526
-6041
-4432
-573
3100
-3314
-5921
6767
-2799
-3011
-3410
5217
7447
201
8383
-5637
-8985
-1810
9245
533
-1754
4427
2886
9476
9134
3656
-2613
6609
-1456
-5880
-2094
-8118
-4236
1514
-8190
9460
-3118
-3287
-3047
451
-5247
-911
2218
-9936
-2748
6729
8253
6549
1588
-3249
-9148
8555
-5604
9868
-194
268
-5661
4589
-7406
7781
-6645
-540
-3913
-7903
-4026
-9708
8249
6412
-4681
-3237
-3478
2684
-1317
7690
-9909
-1613
1441
-1102
2582
6287
2222
7265
-6900
-8738
-1170
-888
-2943
-5981
6366
-3002
-8840
9304
9771
3643
2533
-1401
-6743
-2401
-1307
8865
-3037
6810
4240
7785
5623
-1666
-1393
-7034
516
-9739
-9109
-5329
7260
3785
-2905
1975
2979
2996
5136
4051
-8966
3042
-7732
6396
9856
9567
-4327
5706
-335
6229
-9378
9207
9848
1694
-161
-9566
-5691
-8261
9354
5143
-3851
-3462
-1537
4611
4470
9782
-344
5239
2916
-8458
2078
8405
-3311
-6867
-5306
-5840
670
2751
2175
-7527
2908
-294
3009
5145
-1018
-8898
717
9270
-2648
-4136
5336
1050
-6860
5625
1335
536
9166
4449
270
7534
-9013
-7224
-7832
-6264
-1389
8226
-7431
3424
1229
8527
9651
3738
1740
2979
-1567
9641
-2295
-1401
2059
-232
-9186
-716
5459
7275
8322
-4305
-3099
-637
8931
2488
-2449
-3534
1481
-6178
9152
2444
-9285
-5450
-2143
-8572
-7050
7688
7177
7727
6035
3195
5381
2142
8753
-5507
-6752
6578
-5928
4374
-1066
3696
-6990
-9845
4576
-5796
-884
-9614
-1683
-6546
-8460
-5388
-1975
-4128
-6285
-2109
-3671
-4408
6198
-4200
-1109
-8575
-9357
-5015
-3846
-9877
8557
-9094
-349
6033
-5202
8784
1660
6686
-274
-7645
-9201
-4758
5797
-1178
-6059
128
-4178
-4384
6808
-1426
-4712
-1805
-7669
5279
-2136
-5770
-9136
9069
9799
7359
8785
-9011
7801
-5677
-9560
7549
-3656
-2805
7324
-8661
4769
6722
472
1224
3457
-8550
-1660
5296
-140
5073
8013
4979
-9071
1312
-3995
-4629
8105
-828
5407
-1903
-5227
9016
4766
-5335
8281
-7924
-3174
8412
3690
1370
7712
-225
-7711
-1465
-1177
9996
859
-6211
-6161
9220
-1300
-5701
-6736
1904
-9455
2262
-5257
-8499
-4253
6992
9301
-4526
326
-3686
-779
-1203
-1758
5540
3368
3403
-8542
-3212
-1081
4883
-4447
-8289
72
-5002
-2981
2422
-1361
248
-2189
-8880
215
6106
-7427
-5861
1155
5004
3606
-1329
-8658
2000
4933
5090
-1619
3163
-1512
-1178
4401
-6267
8119
7522
7807
1427
7523
2668
-2116
-1191
-3082
-9624
-4683
7874
1799
2666
-5653
-2092
-9792
1876
6916
-7693
-3234
3702
6131
7488
-9885
9971
-7508
-8169
-4277
3026
6671
-7693
5235
-8711
1793
-414
-6608
-6199
-2203
-2801
2968
7343
-9848
-9130
-4451
6940
1100
639
6563
8293
3492
-8663
-4370
-4134
6803
4010
1224
-7923
7548
8229
-1789
4268
6937
-9474
-6611
4461
2678
8857
-6354
-4852
4643
-7089
-2418
-1581
-7630
-7510
-8274
-17
7621
6426
-8789
7159
-9216
2863
8648
6335
-7327
2386
4289
-9668
-938
1978
-3904
-6767
-1807
3454
6944
462
9005
8668
-823
-9987
-6920
-8132
5916
8620
4750
-6178
-7007
-4848
4350
-2736
-8436
-2115
-8434
-9614
1013
1443
-335
-1885
2997
-6863
-981
4113
1867
2797
-8709
3694
8596
-8359
-2975
3736
8553
3536
-7589
9031
-6717
3084
-8345
3767
-4850
-6399
1649
-5252
-9480
4018
8011
7200
-7245
-9026
5220
-2007
-827
1823
5022
-6165
2847
-3536
7525
-5868
987
-4559
-6891
-8391
8242
5701
-6469
837
2878
-4706
-2599
-625
-2897
-4327
5436
-1306
2946
-111
5549
8511
-9115
6911
-4228
-4471
-5531
-3656
-4511
-1245
1390
4335
-8695
-9758
-3613
7074
-2518
-4952
4507
-3906
8569
6666
-2119
-5019
-4960
1515
2726
4565
1086
5232
5474
1175
-7256
7687
-7380
-2269
-8065
-9155
-6563
-6503
-4526
-2749
-1172
-5727
-6874
-1115
-8751
4039
-3119
-4832
5543
-829
2202
-349
-1078
-1987
5026
7502
-5214
8463
-6821
-5425
4948
2537
-1908
-3073
-4794
9992
2617
8781
2716
3749
-8978
-3428
2033
-2632
818
2692
110
1612
-9425
-8595
-8339
-1864
-7190
-7961
-6424
4798
9994
4002
-2689
776
9093
-4712
-8333
9940
1400
-7471
-1187
728
5454
-285
-3133
-7087
5721
-6729
810
2919
-8923
6628
5339
-6447
3352
-1372
5215
-3126
-3017
5619
-2963
-9448
4536
5706
-1295
-4459
9394
-6083
3421
-6426
-897
-6536
-4721
2532
-1510
-2097
-3775
6395
-3038
1544
-2436
-6067
5807
-3070
5418
-9671
-8792
-374
3690
-2765
3991
6074
-7591
2573
5620
-8271
-9178
-8345
-3510
-4798
-9024
5486
8120
-1193
-8834
3821
9637
-4704
1268
9699
-9146
5352
7480
-5077
-2267
6510
-4057
-4717
5796
-2775
6353
632
-6425
6809
-2630
5364
-6492
-8996
3986
1666
6611
566
6378
-9703
-1247
-3801
-7939
-6645
-8980
2111
-1637
-4222
-4526
9485
5626
-1947
-3116
-8138
-1202
-3398
5727
-4650
-7789
1058
7980
9656
661
2235
9182
-8465
-7209
-2278
9333
-3064
-5425
-5188
-6129
8200
-8167
-755
7190
-1510
-9927
264
8613
-157
-1174
-5250
-9264
-1808
432
2879
-8539
94
7434
-1859
3565
-3698
3378
-1089
-6319
-8096
-9379
-5807
-5032
5490
1463
963
-2619
-4748
5013
8901
-5839
3536
985
-9601
6301
3838
-1456
-6836
3203
8253
-6764
2068
8803
-3998
1943
-97
-9287
-6223
-2346
-5585
2082
5585
-4014
9350
-8264
504
4062
-7232
7227
8100
6771
4413
8046
-6355
5947
2558
-1806
-2626
-4764
-353
-8803
-7300
556
-7249
8706
208
-2993
-6345
834
-4202
5774
-3347
4996
5298
9502
6542
3686
-7355
8898
-247
9514
-5555
-4559
-5137
-8779
5927
-7059
4776
-995
9700
3523
-5578
-1304
3198
-9256
4025
604
-7488
4717
8762
-1447
6340
4875
-1466
-1958
-679
5484
3026
4785
7487
3615
6205
-3079
-4475
3241
-4533
-1982
7485
1427
-8212
-5857
5632
-8102
3288
3789
-4248
2980
7067
-4092
-8536
-4577
7514
-2395
8471
7601
7249
8733
-902
6675
-1582
-9629
9754
874
9661
-112
7566
-2407
-1329
1590
-5958
5872
6725
5437
1611
-420
-3899
-729
-6191
8998
1275
-5774
-4178
4437
2891
-3953
-5827
7213
9575
5540
8803
7055
9000
-790
6462
6438
-5206
-9736
962
-9641
-7650
753
-8444
3161
7206
-458
-4939
7352
-882
9786
-4341
5548
-8854
6908
676
4580
-3864
-7466
4857
578
-856
-2884
2640
3263
3087
5498
-6715
4056
1730
1217
7394
-8225
-923
6780
9397
5664
4629
379
3541
9256
-2242
-6879
8775
6885
-5521
7464
-7734
1774
9848
4466
9205
-4447
6977
6384
8949
4570
8276
3106
-5207
-8106
1930
-5300
2002
-702
2981
6057
7442
-1564
7498
-5220
5635
-9095
9541
-3533
-9846
-2585
-1606
-908
2595
3635
-8770
-1141
6465
8179
3323
-3452
1367
906
-6763
-7324
987
507
2823
-9044
-7733
3185
-6288
7800
-8499
-6738
-7402
-9243
-7889
2590
-8429
5602
-4161
2014
7243
8854
-3645
8166
-106
9866
8235
-1313
4814
1452
2882
-7336
2607
840
-2122
4226
5143
6195
-2788
-9720
5767
7342
-9914
2728
-813
-5844
1658
747
-5970
6974
169
5879
3838
3036
3075
-321
-8764
9971
4200
5509
4180
5428
-6380
8261
719
163
-3864
-3058
-6738
-1978
1344
-8383
90
-4049
-1402
4255
-8634
2284
4364
-6132
-5292
4917
-1123
-4864
-1188
-7886
6483
-2588
5644
-626
-6058
-6144
2510
40
-6241
5733
-5513
-2608
-7752
9083
-3371
7276
-987
-3125
1599
7291
-8865
-9521
1841
7437
6690
-4552
-8391
4902
6728
-5981
-8456
-3651
-9144
9971
65
4669
8668
3709
154
-1268
-9228
-9793
-4972
-7353
2956
1847
894
-7654
-3886
1957
-7629
465
5361
4478
-430
7148
-6977
2954
9038
439
-1974
8785
-2519
4456
-4181
-5757
-1013
-2670
9414
-6027
9842
-8987
2631
9799
-7554
7846
-8077
-6358
8972
-8863
6018
2662
-8621
2897
-7387
7806
-9883
9230
-3477
-3348
6357
-1561
3480
-8694
664
8200
4850
-8081
3786
-6181
8184
9194
9063
-7964
-2756
-4253
-7716
7376
7936
6864
-7288
-6392
9718
4942
-7944
3968
-2280
-9615
7878
-216
3609
-1935
-3246
1927
-7693
-5718
9288
-4731
-4934
-9595
-6620
-801
4232
5753
-7041
-8930
-2096
-4368
1765
9374
-5127
2161
358
-9964
-1159
-957
-4173
6825
-5489
4761
-6408
3975
-5139
-6338
-6587
8897
-9328
1196
1291
-7859
8727
-6833
2577
-5180
-1703
9871
-1808
-964
-7520
6098
-9774
4644
9925
-1862
4204
5690
3835
-9109
8982
-6677
-7181
352
6093
3017
5790
9832
-2364
3635
8180
5096
1154
-3052
-404
9774
-3495
6390
-3198
-5403
464
9151
6329
-2990
9588
2947
-2122
4260
2513
-9290
-2592
617
-3943
-2831
5025
-1079
-365
1586
6253
-9816
9311
7151
3411
6049
5331
-7895
-7930
9253
-2788
-6527
8580
-7826
2582
3256
-967
-7533
-6120
4377
-8024
-693
2131
-6669
2363
-1154
4954
-847
-9764
-8471
9165
4670
-6856
-4458
2176
-4604
9485
3297
-5429
9438
-9183
-8491
-391
1768
-2393
-2638
-8679
-6976
-1169
-8345
-8654
3517
-9728
4073
-9247
7598
4673
-5806
-9708
-6236
8188
3220
3166
4083
1040
1164
-8968
-1700
-2709
2440
-3398
-4495
-3235
-6985
6423
5093
-8338
-2146
4590
3301
-3605
6349
-4138
791
-605
-6993
74
-7110
-9666
-9860
-5217
629
7540
6912
-6391
4267
2987
-2621
1579
4592
1896
-6431
-604
-1820
1273
-2410
-7778
-5382
-7405
378
-4878
3810
-6899
1480
-9199
-6619
8921
-1163
5686
6524
860
-5729
-8188
5520
-6567
4726
540
1348
-9387
8810
5471
9374
9240
-4522
-261
7911
-5510
7127
4888
-2947
-3791
-2834
4671
-5695
110
9697
-4579
-2028
-5793
-3601
-977
-6311
-4692
6125
-3342
5513
4133
-3793
-264
4546
-4930
-7523
3886
1637
-6537
8518
-7738
-6322
7747
4369
2596
-5025
4868
-5217
4995
8636
-1194
9235
7830
-5859
8980
9802
4893
3648
-1926
-1620
-9050
3830
-7153
-6402
-2828
-9466
-3059
-94
8825
-1460
1550
409
-4538
-369
-2954
5917
-9305
-671
-3084
3046
2194
-6502
816
-4629
7532
-6853
3601
-2686
-1146
-689
332
2806
-7058
-2291
1849
1141
9666
2229
-1244
-114
-6618
7415
4978
3688
7608
5170
2543
-9533
-3247
-2569
-1046
-3142
-8917
4179
3061
-2446
7242
-7666
169
-1924
8305
1548
-2717
-400
4905
7585
9053
-8045
1714
1942
9699
-2940
7393
1108
-5841
-4044
-5257
2370
-9923
-2398
5373
7267
-6191
352
5990
4049
6114
18
9021
-9537
7634
6288
8900
9408
-999
-7802
-1909
3958
809
-1517
8715
5848
4402
-7505
3543
-6384
-1022
-3700
333
9612
-8575
-5656
9676
1041
-3734
-4668
8285
-242
9800
-3513
316
9268
-4440
3002
-2873
6185
-2581
-4711
-8495
3734
6797
6578
-6173
-8563
-3598
9695
2276
7875
-5731
-4641
-3135
1387
-4689
-4608
-8992
-8572
5244
-6814
8495
4700
1406
-5742
-4717
5514
1195
-3068
7865
9827
-3790
-35
-2732
3675
-9639
-5500
1883
4941
-2045
-2537
-990
-7285
5162
4136
269
6147
4886
2439
4611
-9525
962
-8135
4141
-9450
1407
-5799
-1507
7713
-8220
-466
-7831
5003
-2915
-9249
-3948
-5718
-5177
2434
-8844
7537
1468
3538
-5440
-2066
-7606
8376
-530
4625
3985
2833
7968
-2637
9908
3558
1387
-3419
-5810
7999
-6668
-3938
4938
-7803
2832
-9573
9901
578
-6057
6517
7616
-1904
-8487
6131
-8136
2837
8885
5395
-5246
-2723
-8547
-4232
-4380
6982
-7612
1425
3042
-4705
9691
-181
-7087
1645
-7183
5278
-7646
5994
-2780
-8676
-4306
-1490
7082
-8583
-7966
-5646
-1828
-2530
-9626
483
-207
-8157
-9514
-9189
5833
1417
1652
7100
8541
-4109
1725
487
3634
-8449
7514
4481
-5141
-7444
7421
-4477
2153
7588
-6930
9626
7756
5808
9368
3750
-609
3902
2338
1727
-2595
659
-5001
8679
6875
-6644
-4898
-7505
-6631
-6628
-1261
6154
-5990
7087
-8669
6503
-6369
4747
-5924
-8499
-8830
-2912
-4704
-7356
-9500
3492
-7090
9386
-6932
7054
4163
-3406
-7690
7248
-9131
3918
9757
-5229
-3774
6427
-4183
1289
-6142
-333
6030
-2786
-5252
-6104
3212
7964
-9860
-6773
-4347
-4225
5304
3765
-2069
5798
-4132
-6314
5164
-3016
-4649
2583
-8400
-6181
-5897
6247
206
4599
-6591
-4751
9434
-1010
1661
-6859
-9469
2188
3041
-4202
8
-4028
-7529
-2168
7917
5513
-8232
2566
-231
-5738
250
3046
2646
5361
905
7088
-1563
-4212
-5764
-489
-1132
-6798
5536
7732
-7158
5898
402
-7434
8458
6133
3355
-9983
2966
-2991
-5643
-152
-5022
-5134
-1143
7799
-8119
2104
2322
7714
8962
-4898
4741
-9484
2623
-8959
7831
-453
-8530
9284
783
5601
2163
1213
3870
5858
-3978
-8936
-1862
4908
-8414
-8800
-646
2249
-4192
-1901
-5833
4422
2811
-775
-2554
-3235
-3546
2706
5223
-7883
6204
-380
6813
2748
708
-2401
8361
-8090
1910
5886
3679
-1316
3776
-3987
5283
4337
8907
-1325
-9446
-8423
-8384
6344
3391
-7409
9490
6281
-6127
-9635
-8705
4882
-7775
-7901
6421
-4066
1115
-9931
-4026
5762
1698
-8160
-2016
8887
-3634
2102
1400
1161
1487
-4881
-4729
1821
-7906
-6634
6792
-8895
-1080
-8544
3998
2042
-7937
843
-2480
261
-7733
9595
-8583
-694
4311
-5461
4368
-9652
-8052
80
-8227
-8064
-3458
-5543
-864
-1523
611
4133
7645
-719
4899
-8140
-4942
7958
-5953
-1587
2100
10
-5215
-2572
-7339
837
-1636
-5741
1195
8099
-9835
-6167
1548
5460
-5239
-8316
2934
8398
-7786
7587
-6072
-6993
8812
6168
-7007
8582
8774
4735
-3166
8963
-5372
-4594
3830
7983
6776
-7392
8662
-1715
-4103
-8902
5483
4533
2683
-3806
4775
-8544
-4561
7039
1213
-606
-6428
-3712
-3829
8958
7583
-4766
-5761
-4450
1358
6052
4719
7959
641
731
-7357
-2495
9431
-302
-1455
-9679
-5177
2489
-7168
-1465
1306
3137
5814
-3819
-8577
6282
-134
-4195
-8716
828
3814
3394
-6344
9682
6221
6396
-9773
-545
2838
2662
2063
5181
768
-7495
-7922
-1714
9042
-4856
-3469
2080
-9002
-6690
-5995
-5813
8400
-3723
1233
4390
-1134
-5713
4035
-9714
772
1492
5482
-4835
-3456
-1937
3351
2765
1561
-6176
4588
-1579
5341
-1490
-1955
3826
-2966
-1781
8779
2418
-7749
2224
-3707
6262
-7011
4077
-9100
-9351
-9327
882
-2107
3742
830
-7750
-4338
-777
7281
5035
-4405
2283
-8615
4592
-3134
-5620
-6794
-2897
-7837
-2500
1434
-3783
3226
-1747
-1351
-5806
-3273
1908
4068
-1979
-9547
340
-6714
-4107
-8914
-3341
7100
-8437
9795
3
-8053
8018
-1189
8026
-5573
-1225
4737
-4644
653
5151
8393
144
-6540
405
-5196
-8324
-9456
-6502
3794
9490
9811
3694
-6439
8220
6948
-8966
-6933
667
5925
3130
-4608
5904
9756
7188
7061
-1747
-8012
8048
-1653
-5200
5451
4140
-7020
-2393
-7799
-8222
-5686
4027
-173
1659
7502
9535
9673
-3232
-6817
6615
9593
8450
-7687
2966
6010
7688
-2765
-4419
1663
-9672
-7949
6080
-1620
5203
6040
-9803
-3459
2127
8539
2927
4765
-8329
-967
-8653
-5216
-8154
-1403
3368
8419
5044
-6774
7759
2423
-9290
-7419
4169
-254
5548
-6819
-5205
-8258
-4039
2308
1350
-102
7071
9532
421
-6707
-9238
3838
-4461
-2081
-7956
7525
906
6004
6957
9220
-756
-1437
8786
9880
8974
-652
-2617
-8332
4205
-6545
-556
-5038
6545
-6968
-4868
4978
8202
9038
-9686
-4320
4491
-657
-7299
956
-7244
-213
-4900
973
2073
-8586
-3772
4675
-21
-5690
-2103
5543
5347
-6754
-9210
5897
-674
-258
-5258
-1364
2036
9628
4078
-2177
-5799
-5245
-6740
-8584
-2798
-7680
-8376
7833
-616
4023
-1493
-2300
8605
3792
6721
8675
-4175
4761
-4279
-7757
-8440
-2282
-5888
2582
61
4910
9163
-4178
-3041
9734
4001
-7383
-2753
7141
-3358
4856
-6223
7700
189
-1098
10000
-1700
-4900
-2995
-5924
3699
3200
-509
7040
9765
-9111
-8486
-746
6733
8437
5950
219
2587
6065
-6794
-9113
-4738
-2858
4203
7228
-7519
-3557
-3324
7473
-8999
5319
-2826
3325
-3172
-6085
7895
-8993
6111
-1521
-1410
-2139
-7651
-2245
-5371
-4312
8719
7656
1767
3513
2749
-5227
8324
9699
1147
5721
961
480
5183
-6489
2130
116
3995
5071
8878
-6477
6882
-6600
-4420
1378
-8015
5136
-6537
-32
6426
-5658
-6186
-1902
-5939
-2060
-2915
5176
-2478
-5007
-5715
1451
2294
7516
-5661
-564
4936
8037
-8552
9123
5162
-4870
-1053
-8663
1371
-6397
-9683
-3115
4750
902
837
-2478
-1093
11
-9361
-7153
-420
-9829
3511
4332
4295
3666
-2422
6146
-5427
1430
7046
-8744
4748
-98
1553
-5589
8984
7412
230
-5331
7220
6158
-8096
9994
1132
-3105
7160
-2672
-8355
-5638
9263
-6905
2210
1790
-5508
-8921
5211
-219
2976
4952
-7236
25
-6649
-6252
-8029
1353
7137
-5215
1835
3321
4380
7822
-4292
7487
-773
4183
4031
678
-1126
-2861
7657
-2726
8425
7679
804
3943
-1629
-2683
-9065
512
3143
-6824
5958
-7609
-4188
2481
-646
9338
3083
4221
-3341
-1880
6836
-4630
8565
-5380
-2662
8821
321
2313
6131
-676
7171
2474
227
-4871
-5435
-7109
8192
-4924
-3443
-2347
8154
-8929
3485
-3817
6850
7101
2855
-4487
-2115
-6588
-7275
-9202
-4632
-1855
412
6549
-7506
2543
3884
5343
-8430
9808
-309
-2760
-9339
-3242
-9330
-8031
-8255
-3845
2413
5797
-4073
-995
-3514
3030
-1005
454
-9036
5739
7323
-7960
-4868
-5597
1849
3566
9542
-4193
8753
7834
-9242
-4744
-557
6562
3280
-5333
-9860
-741
-3378
-2479
-673
6097
6653
-1111
-6070
4111
-2990
-4811
7234
5704
294
3306
-7749
8410
7315
4985
-5666
-4884
2015
4338
3721
3709
9878
-3505
391
2793
1587
-2525
-7456
-7702
-4468
6979
-6546
9854
7651
4128
2638
-2060
-5033
6704
-4725
-5323
-1876
-626
2505
2054
-700
5518
8484
-5535
-510
-1469
9241
9407
-9175
2140
-7979
8774
-7441
-3204
-7478
9434
5435
-7492
9798
7102
2686
-6746
-5421
-7249
-8921
4130
-7126
8616
-2673
3385
5001
8988
2604
2029
-1949
-6247
-6101
3809
6651
3590
2004
2213
-2725
6019
-5869
-7805
-7918
8011
-8523
-5322
-896
-7163
-2075
-3606
5208
-6400
-7838
8754
3411
8807
-9230
1146
842
9870
-5742
7638
-8036
-2279
-9461
2918
-6974
-9576
-7918
-3477
-3096
3335
-3346
-8993
3958
-6291
5777
-9942
-8982
4045
-7537
2890
-7671
-5380
5264
7041
-2283
-8985
489
-3217
-4129
-4753
-8945
-4900
-4493
1381
-3809
-6713
-1538
2531
704
-5429
2180
1254
-5735
-2964
1707
-5588
-873
8015
6784
2713
5073
-9721
9307
-3101
-6724
-8096
-6949
3115
7256
7564
9262
-1583
-5423
-5583
516
1161
1074
-7508
1877
-7890
6844
4737
1140
8739
-719
-8486
7938
3710
8460
4594
706
4879
7248
4438
2501
6915
94
-7439
5722
8266
-6944
9826
6501
-6320
-4115
-7644
7788
-5065
4068
6857
-7629
-9677
5814
8231
-2252
-2246
-2529
-7384
4519
-4207
6798
-666
-3418
8633
-3377
-2837
-6084
-8375
5480
-2916
9561
-9119
8137
4374
-3727
5199
-2445
8268
5145
4576
3643
-9214
5620
-6979
-2314
-9213
-8279
-7947
-8538
525
6171
-904
-7987
-7214
9720
9016
1305
-2577
-2503
5560
-6535
-7421
-3391
351
2584
3149
-6601
-2516
351
406
-537
1881
2288
-7080
1483
1508
5603
-5785
-4013
-8044
-4046
5293
5605
1176
9356
-8512
1036
-3661
4316
6610
-5143
9141
3431
3116
7322
-4922
-3102
5507
-2603
-8296
9112
4218
9858
-4478
-6455
-4877
-1725
-4729
-9369
9244
-2244
1142
-6370
3429
-7642
6482
6705
-7757
9411
-9056
-5464
-1227
-5436
4608
-5421
848
6089
1232
-4113
3745
9686
7473
-9628
-6478
-1725
8912
1804
6350
-9989
2717
7183
-8146
5376
-4683
2467
14
-9312
7238
-7516
-9328
2057
4314
2318
3921
-2440
9857
-1071
-611
-9926
-4285
-1209
-1296
-5318
141
-6737
8089
-7713
7608
1898
1394
-8859
-9759
-1644
-8439
-7180
-5358
-5859
180
4885
9900
821
-6476
-7499
-9216
8715
-9583
-8793
-7356
2090
-2379
8298
-8196
-614
-8505
7043
4342
4634
-895
-3434
9763
3096
-5913
77
8631
-3434
3616
-7554
6590
-1096
8317
6572
-1472
-5427
-6467
5973
2838
8164
-6443
-9179
-8937
8191
-4104
7433
3079
7092
6219
-6351
-8624
7482
-3066
-3961
-810
185
-2299
68
-5619
-4403
1524
-750
-4963
2002
-4860
2730
2803
2765
2635
-2529
-5167
-7885
357
-7084
3679
4423
3306
-2833
-4797
-1119
-3809
5768
-2493
-225
-291
-9997
-4028
-8885
-9785
-2996
3666
8369
-7532
4818
-4959
-108
7813
-1794
-2565
-5780
2286
5786
-8349
4539
-4575
-4985
5976
-3988
-2825
9721
441
4424
2857
-5004
-1994
-8307
-5369
-9827
3585
-4605
-6694
-5979
-2094
1947
-2701
-5786
-3041
7009
6609
-1491
4602
1790
9512
8853
-4259
-8722
5400
-3890
-9942
9809
-4394
1786
6473
4315
-9758
-7117
8376
-8469
2459
5377
-2583
-3211
-3616
-7304
-6943
-1713
3572
-6208
-4921
9976
3951
5012
-2324
-7926
294
7219
-399
4464
3693
-203
-819
-9955
1250
-8879
-4122
328
-4104
7587
-7630
-451
-7825
-3770
-5689
7245
3452
-8804
3599
-4764
-707
-1760
9979
2690
6369
1299
8535
5909
6549
9441
1469
-4963
-4260
7198
5677
-1552
-576
4110
-2980
-7386
2979
-9383
1908
-5787
-859
7039
-8396
-1787
-2571
-1960
-1129
6294
8273
9932
-8297
-4932
-8013
-7905
-6424
8703
8441
-4642
-2320
-4063
8143
1633
-3486
9585
5331
1698
-6490
-1832
-9563
-6280
6980
5864
-2803
5739
9346
-7864
-6734
3754
-8038
8494
-8415
487
6423
8636
-4788
-6952
9625
-9359
8582
-6846
9079
1841
-2747
5185
-4693
-8275
3059
8010
3173
3071
4055
7232
-454
7911
2124
6421
737
-7107
5734
-4135
-5388
-8648
7996
-3284
3886
-4958
9470
-9943
-5683
-405
-2018
2207
8429
317
5666
8916
1161
-5791
-3378
-1382
8432
9056
6665
-761
6423
-7434
2377
-3579
-6595
6300
3170
355
-6618
4166
-54
-6242
-5786
9771
-7058
9716
3726
-7339
1798
4838
4185
-8064
469
6066
6611
-4109
9263
9640
9862
3521
5795
3085
-318
-1026
-9399
-1318
34
-4318
-8138
-5429
5530
-5655
2264
3476
3624
-9891
-2737
549
3214
5062
-1844
4479
5729
1771
5830
-9011
9830
-8645
-2266
-8304
2085
4461
1651
-5273
-9432
4697
-6826
-5407
9151
4825
9730
2834
-8384
-6767
920
3809
-8400
2977
2294
-7965
-5327
-2581
-6012
1368
-7828
-2088
8502
2305
2722
-8258
1801
-4923
512
-248
8070
8525
-1468
-4857
-9352
-3719
9284
-4835
2256
6339
-737
-2353
590
2326
-3375
1535
2513
1321
4982
-9955
215
5318
-7408
-4813
-1705
5035
4679
-1386
-8944
-4901
-9
9150
-7967
-2870
2737
-2128
7429
443
2629
-8893
4026
7318
8879
719
-2498
-5166
1490
2021
-1950
5470
6853
-9885
9945
1796
6706
-7846
1296
-7791
2101
-1846
458
1188
-7127
4389
-4359
-5421
3409
-5937
4308
3163
-8982
-4189
1983
4358
5583
4362
-4025
-3882
5180
4098
6648
2215
5652
-8540
-9451
3096
6914
4635
6367
5634
1667
-2353
-1431
-4080
8938
-795
7177
-9951
-8394
2952
3551
-7507
4985
-8956
4293
2251
2832
-9867
-5602
4941
-2824
-861
-6427
-9165
-9463
-6024
6364
7237
6729
-7235
4382
2023
6038
-6689
979
-5906
9457
9175
9067
-1437
-6681
9873
3629
-1764
8012
-7813
5115
6627
3369
5663
-8855
-9758
2612
110
-7235
-6581
2809
2577
-7238
-5725
-5442
336
4627
6566
5118
-4894
-3766
1754
3239
3637
-2820
-5755
4563
-6947
-7747
2105
7226
276
9662
9424
780
-9354
-9649
8305
344
9028
9690
-4671
-9390
-8731
8156
9343
3859
9080
7930
6576
-3677
6147
8630
-2632
1309
-6609
-3620
5194
3692
-5276
9788
7448
1948
6523
6511
-8238
8568
4825
-9995
7208
5237
6358
7454
2184
7802
-6069
-161
9010
6498
6170
8766
-2932
2305
1476
-4080
5810
-8734
2789
-6045
2133
9255
9568
5616
-8110
-1735
-9412
-9565
1031
-7507
6866
7545
-8235
-8724
-1008
-8880
3468
7037
-1479
1319
7806
5130
-3935
-5720
-4592
5746
3381
7260
-3959
-6570
1733
1933
-8214
6642
8759
9127
-8640
6208
4468
9924
7607
-7612
5371
9216
9289
760
-6679
8631
9446
9483
4062
7485
1749
-7312
4862
-7950
-7479
-4554
3685
-2621
-5718
1619
6085
2101
9004
-2589
482
-6034
-6617
6750
-3970
-5703
-8815
1472
8806
2549
-8157
-4443
417
8167
-8433
8168
-9889
-1093
-9158
2541
-5304
4230
-8160
-3960
2134
1536
8319
1875
-2213
-7921
537
7118
5835
-3114
3020
-4687
-3758
5206
-9390
-5252
8733
-4581
-562
9786
-3316
4224
-2051
-4242
-6098
-7704
3546
-7596
-2248
5518
-6691
-5116
-666
-2932
9622
-5383
-6732
6992
-8975
9225
-1608
-6548
8128
4375
-664
7145
4609
-1059
8656
-5780
6165
1930
-5216
1431
7024
3579
-2388
3167
2528
14
-2535
-8629
362
-5957
-9999
4390
7988
-8405
6305
-707
3322
-1074
-568
-9061
4414
8329
-1456
6323
2273
4656
3426
-7449
9346
313
4279
-8943
2782
2039
-6924
5045
-4902
-8754
6114
-7828
3413
-1589
9696
7478
1900
3674
564
5538
-7972
3347
1802
-953
4614
397
5000
1794
-2952
-2565
3511
7616
-1559
-7821
-9166
8646
-9634
-3753
8346
-4704
2755
1992
5518
-1055
1021
3042
7598
-6737
2393
7942
1503
4449
5047
9721
2449
-9085
-6606
-4103
-6057
387
-4328
-6518
3717
3193
4825
4503
7680
3936
-9818
40
6788
-245
6041
-2726
212
-6203
-6404
-3239
7287
-3945
5956
9823
-3132
-105
3829
-4047
-7540
-8408
-3711
7185
-9892
8586
-8341
1832
-3411
9398
641
4949
1547
-6593
9021
-565
7893
-4492
-3460
-664
8535
-3141
-5512
1598
-249
-1286
1946
1809
-1515
-883
5252
-8036
-3735
7717
8678
8186
2132
9326
-266
5294
8633
8812
4218
9198
-8167
4159
2487
-884
-199
3987
2022
-8737
-834
-5513
8548
-7714
-5359
-9022
1649
146
-7724
-2771
-86
-9445
-954
8163
6154
-5101
-8601
8658
504
-1826
-933
347
-5651
-2668
-1312
7684
177
-9930
-2439
-1430
-6515
-4835
7745
9450
-665
-3559
-6559
-7410
-7457
-7613
-4767
3784
4727
-9189
-7554
-3003
-8609
-8244
953
-8041
1146
-603
6869
-2777
-2252
-3565
-3733
-7998
7633
-570
-3997
-5703
9727
-2028
4786
-4049
-3082
-6988
1661
800
6811
-886
1979
7068
4456
8716
-3143
7338
-6758
-1954
3584
-7938
1456
-6394
-7202
9312
-2238
-3668
-7136
2134
3759
-5228
4696
-4846
-6925
7744
2234
-7305
-3195
-5758
5434
7922
-3169
-2769
9187
7114
-7292
7752
6588
-1827
-575
-3060
4920
161
64
-5949
2630
8088
7105
9853
2711
5569
-2953
-7887
291
-4706
4407
-2133
-6933
-394
-9740
2893
-9152
-2085
-6480
4481
8436
7377
-2790
-4097
5646
4846
-5052
-7022
9185
554
-3416
8576
3147
3911
-3272
2866
4729
-1646
1067
-1448
-7338
582
-9731
8220
-2606
1774
-7319
-4998
2351
-8392
-2419
7690
-709
372
-8304
3021
-2422
-5902
9405
4184
3320
1560
7568
6562
-3798
400
8797
1856
1774
-7659
-8615
6452
-9175
2039
-2928
-4680
-174
1710
7612
-543
9302
9380
7988
-8166
-4642
-2420
1972
-6200
1013
-1631
5279
-4438
2746
-7643
-6821
-7047
-7885
8186
8530
5744
-8129
2231
-3592
-8171
2224
-4669
3932
-4223
-982
5221
-7817
7375
-4183
9143
3922
-948
2667
5248
-7202
4028
-3579
-4446
-4249
4161
-7440
-1076
-5028
1771
8577
-6352
2920
-2561
2129
7913
7916
5483
-5194
9829
2405
229
243
5667
5895
6834
1722
-6837
-7624
-9291
8424
2548
8673
5558
-5777
-5194
-9721
-3108
49
-866
-7695
7755
-6176
1788
-313
-9860
-7365
4245
2894
-449
-2635
-4888
-1475
-1508
4536
6127
-9470
-9768
-5847
6467
-5878
-7010
3836
4523
7061
2212
5150
8205
6226
-9744
480
3247
4258
-5379
8219
-206
960
-3956
5947
-6800
-162
-6129
-6949
-2293
7417
-979
9156
-65
-6322
-8389
6827
-6311
4925
2826
9123
-1218
9534
7412
4569
1678
558
-6535
645
-89
3502
3612
4280
8390
2591
7010
-744
-4128
9718
4693
-7787
-6202
-2892
-5221
-9085
-1899
-1444
5229
7229
2924
274
-8710
-2422
-1763
-1288
-4436
7117
-1382
-5538
6875
6374
-7285
-2496
-5857
2966
-5270
-116
-8259
-815
-6853
-515
2992
2136
7915
-9276
1489
-6583
-7935
5622
2951
-2527
-1799
6905
7679
8823
6709
-5867
-4846
6624
303
9320
8242
-5726
3707
1651
2938
-7510
854
4219
1335
-5535
6270
-1024
4968
-681
8268
4155
-4479
6039
4271
-6691
-8707
-6116
-95
-5721
9130
-1204
9620
-2358
7901
5320
6627
751
6310
780
5606
8192
3163
1617
1882
1704
-8997
-5370
1400
-9220
2487
-4894
-525
7975
-7822
-3515
6839
-2071
1885
5068
-4748
-338
8833
1957
-4086
8107
-8364
9628
-8481
3899
5911
-4818
1928
3595
1632
-3130
4935
-8864
-9362
9250
-902
2238
7692
8776
-8438
-3084
-7900
8646
3869
2088
-7479
7325
-980
-9314
-694
8548
5574
6703
-3435
1717
3896
-7132
-8317
-3263
-105
-6428
-3282
-3611
-1899
-901
-3213
1262
-8835
9465
-8639
2743
1769
-9543
-385
1195
4579
-6774
2873
1710
8540
-5401
-9744
-7268
-9319
6250
-4502
695
7726
-2726
1183
-964
5705
3444
-5009
-7064
-8736
-1327
-2093
-9712
-9325
5278
-1176
-2413
4447
2383
3945
-2518
-9887
-9258
9663
8565
-6681
-4341
-9964
8244
-5334
869
8438
3955
-4576
7077
-2529
-2281
-5835
-3390
4520
6372
-714
1902
7808
-3145
7601
2736
5892
-4687
-3756
-2623
-924
-4275
3085
986
-161
3611
-3644
3735
8401
-6367
-8329
4296
3086
1647
-9209
2385
1792
-4566
-616
8687
-7490
-5414
-1076
4610
2610
-2580
-2598
-7055
6663
-6951
-7280
6160
6840
-8379
-5944
-535
-5517
5339
-4332
9718
2253
766
7883
-1724
2845
-676
-1085
3485
-7175
1916
-794
340
-9367
9155
-6455
5537
-7842
-4991
5135
5952
306
6574
-2577
4310
4907
4542
-398
-601
-9752
2558
6954
-5235
-3522
-2424
4996
1039
8258
-7054
4421
-8522
1007
-9857
7740
-4088
-4795
-8159
1249
-2005
-7098
-4211
-173
-9496
-8740
-3460
-9733
-8972
4022
-8674
-1697
-2752
5324
-7241
-2038
5069
-6100
-2439
5663
9860
7294
8095
3695
-6520
-4931
355
-7058
6228
7243
-4651
5852
-5906
9925
-3322
-2465
2396
-1975
3087
184
65
-2976
-1890
-1678
-3577
-1882
-6845
-5492
-7373
2305
422
-3163
7785
-3263
2191
2214
-7820
-9690
367
-8004
-5900
-5391
-6162
8759
-503
3218
6077
-207
-5740
-5599
-4765
-3703
-6701
-1872
-7536
5311
-2004
7116
9345
2350
-7932
-5020
1126
-3706
-3561
-2332
-1561
8972
2169
-4983
-3585
2353
442
-9227
-1834
-4622
3455
-9113
9245
-9908
8217
-2230
2020
-1721
3726
-2426
-579
2905
-1779
-5685
5238
6684
4599
8716
2169
7447
-875
-5858
-5670
-1190
255
1798
2819
5312
8547
3253
-1497
1052
6923
4101
-6456
-8561
8955
-2188
3406
6759
9097
-1156
1285
1840
-882
-2883
4896
5001
5066
6549
6305
3406
371
-1090
5433
-4869
-5879
9857
-3534
-8059
2139
919
-3330
8137
8436
3418
2598
-970
332
7843
186
-4241
1903
-260
-1101
7194
-4770
7952
-468
-9910
558
-7942
5261
-6165
-7796
-6764
-6663
6133
2637
1930
2989
-9908
5185
-5596
-2355
2041
-6255
2779
2409
-8675
-2346
-3543
-7151
-9445
-47
2366
3863
-1772
-212
3743
1399
6145
8692
-8053
-2645
-7204
-7509
-8275
1002
718
-8932
-9196
9845
-8490
-8749
6287
-3377
-6908
-8666
5419
5959
-7019
9702
8328
-7954
-5830
2381
9002
8380
-1990
3499
-1567
-1500
-1732
-5990
-6579
681
1163
-4693
-5447
7016
9128
-6108
9521
-2168
5099
5203
-1585
-9748
3156
-9011
4896
-7127
-1640
9092
-7724
-9940
-254
28
9654
-2952
5967
6094
-1829
-2005
6267
-617
4883
2966
-10
-8547
3551
-1213
3356
3133
1579
-8660
-462
-8918
-5391
-3299
-283
1104
5539
-9211
-2266
-919
-2656
-415
-9182
2110
1946
-329
9724
-2896
-5231
2323
3177
28
2426
-6662
-7441
-9114
-1004
523
-9574
-2660
2357
5878
-2774
-2568
2641
6607
7908
5339
9634
-2082
-7797
-852
9071
6394
1142
5785
9018
2547
-7495
-7359
7311
-8961
-8091
1570
-9084
-1303
6370
6226
4615
-5529
-6869
5322
7148
1140
-5813
-9123
8215
-4551
-5297
-3148
-2077
-7558
3343
728
-8186
8286
9604
6331
4246
-4083
5253
4787
6711
8017
420
-8971
1031
-5227
-3812
5734
3285
-539
-1107
-8267
5
9820
9848
-6339
1661
-881
2238
-2216
4575
-6196
-4592
-712
9992
-2385
-347
4201
-9
8652
-7257
929
-8204
-8841
9289
-4083
-3533
-4344
-9223
6357
5921
8021
9043
-5668
4824
6997
2832
184
1833
1819
975
3756
2774
271
8569
-2316
7261
9406
-1616
2519
-6718
5651
887
5908
-7163
7414
9394
9725
-8782
-7429
-4798
1404
-9434
1318
-759
5991
-2574
9936
-2007
9493
-6538
8142
-3635
-578
-7750
-9298
5913
-3156
-5205
-8513
-7017
4320
-4053
976
4708
3732
9772
8293
-2987
2454
-6648
-7732
-5451
-9671
3227
4343
4564
3651
7869
5384
-2000
2371
-8467
-2032
3439
-6397
-6861
2284
-1090
483
-8929
2766
1608
6621
6607
-8940
-114
-1904
1540
5045
-98
3057
-5967
-7177
8806
-7030
-4916
8904
2956
7832
920
7314
5586
-9762
-5494
4323
9415
-7851
-4489
6351
9105
7210
9862
-8983
-9551
-8150
-8467
3893
-7439
1503
7426
-8965
7187
1166
-4797
-5251
-7600
7716
-6170
8120
-5992
-518
-1222
-9628
-4080
-6975
2000
2261
3013
5714
871
-2171
137
-8634
9576
8671
9735
-4902
-1178
6833
-8796
-5845
4881
-4544
5390
-7133
-1140
-9992
-978
3613
8620
-4891
7568
6661
-85
2143
-9504
119
-5317
-1517
-1808
5070
-3645
4482
-1836
678
9923
3137
-7401
-8659
-5479
8243
6551
-3809
-7841
7205
-3411
-1131
-6298
3225
8680
-5740
1851
118
-7758
8775
-8173
1272
3790
5460
6815
8673
-5275
-7668
-1569
-1259
2854
9451
-9958
123
2527
-8453
-9568
9555
-7708
228
-1544
3457
-5937
726
-6826
890
4568
6528
-9886
-9181
6995
-2430
-4442
-2507
279
-7891
9507
-1142
-2558
4421
-2676
-834
2967
8035
-5520
-4277
-4326
-3952
-4377
-4493
-554
-716
-5511
4952
-3799
3111
-7970
7193
-828
5953
-4848
-2142
-1262
-8799
4745
9965
-345
-432
-5164
5620
-2377
-2018
6360
-7535
-9444
5083
-5704
727
-3218
2069
6845
7110
-5180
-1455
-2433
-3304
3627
6135
1795
2230
40
1729
5459
-9497
-1868
9581
5944
-7084
7819
5164
-992
-6040
-2333
-5097
-2903
-477
-7679
-5900
-2916
-3147
-4303
5582
954
9136
4867
99
1380
-3872
8700
-2394
-2898
-1075
-4790
8388
1257
9900
-9877
368
-8748
4345
4686
4627
-4693
-4625
5017
-6917
8352
-7340
2905
8138
8610
-5217
-8167
-7434
-5670
7956
-15
-2547
4075
764
2216
-6664
8062
-3806
5025
9274
-6325
-478
183
-5232
8776
-1844
9602
-5187
-9659
-4843
-4595
2019
-4059
-2893
-3189
-4065
8256
-8515
9729
-3082
258
2976
-3755
-4639
4338
-8744
-7289
8941
-4932
5027
-9983
1613
4809
5548
9392
-5157
-8692
-9041
-3689
3505
-7191
4464
-2409
-5131
-678
-1535
2953
1589
-4103
-7325
1024
5200
-3101
-9133
9130
8569
-6526
6158
8068
1752
-5351
-7321
6759
-2868
8491
-7046
311
-8548
486
9868
-301
-1419
2975
-4128
2725
-7200
3516
-226
-1142
4586
-2105
-3241
-2842
-6599
207
-9951
6429
-9909
5928
5629
4669
-522
686
563
2847
8290
-402
-9224
5976
-8056
-1347
3655
-5228
620
-1068
-5761
-1880
-3171
4552
-4602
4523
1541
-4612
7741
1563
2330
-3672
5156
-7674
1292
9605
6269
-1226
-2574
-3150
689
8374
8038
-3163
-714
-7622
-1663
6717
1989
-2606
694
6727
-4647
-5598
-9706
1440
-1852
-5425
-106
2299
6076
3305
-8588
-9297
-2242
-8652
7788
3754
5702
-5289
-3862
-6306
-1867
-4218
-840
765
-9820
1465
-2638
-1969
-5319
-5925
-8674
5868
1851
1243
825
9667
5127
-3609
-2923
-7491
7716
9609
2714
-9926
-1462
3709
-2946
3822
-2812
156
7379
-7355
-1952
3720
1902
-240
-1574
-1201
-8358
1969
886
3635
8680
-5276
7775
5178
8986
352
-1835
8096
9665
-6073
-1131
4581
-1957
7484
-7981
-469
-5088
-6085
-7430
-3919
-6142
1313
5758
-265
3268
-703
-1338
-196
593
-2374
-5262
-4771
3960
-201
-8399
-6471
3494
-5494
-9870
-6149
5263
7937
-4386
-6013
1624
625
-6243
-159
2161
-700
9103
6259
-3792
6295
1407
-3268
-6265
7835
7350
4093
-2851
-3882
-5887
4284
763
9259
7300
2912
5512
5189
9873
6062
6285
-8566
-3837
-6442
7301
2996
-3356
-5732
4985
8723
-2642
2813
7873
-5381
1829
-3186
8762
453
-9906
6853
-7371
-4100
-2646
3025
-9429
-4943
7072
5849
-5395
6807
5815
-5854
-2249
-1516
5898
6165
4063
3416
433
4885
-2293
4128
3847
-2005
6346
-264
9356
6252
-1317
5029
7688
-7020
-7050
-8415
-2865
-4639
388
4238
1120
7987
5496
9427
-1908
6913
2878
7364
-853
9533
4152
-5805
6086
4128
-9917
-2257
8736
5669
2555
5948
-6963
-578
720
6860
-1319
5412
-1089
-2154
-183
8836
-8500
-7719
9620
-1177
-5662
-7520
-4386
1236
-321
-2687
-2140
8239
-6102
-3607
6763
8601
8276
9625
-6102
-3054
-8971
9834
-5979
-8543
1928
-6612
-3582
-6615
-5314
-8994
3785
7369
-2769
-6395
4567
4402
2403
6778
3498
3921
-4899
4024
-6471
5110
1771
-9762
-4334
7918
-2098
-8277
7892
2198
3186
7070
2671
5311
-1083
7614
8452
-1482
7673
6373
9791
-4724
1179
-8320
-9111
6651
5348
-9971
-7642
-6122
-5957
952
-1170
8699
-3589
-3960
5516
-4592
3470
-4021
4011
-6129
-3006
-5033
-758
8293
-7811
8586
-8879
5977
-6678
9584
2876
3762
-1085
-2428
6744
6948
5909
9529
5619
718
-8349
-1037
-6869
6127
-5201
6569
-1353
4448
2008
1855
7442
-3235
-8724
8391
6677
-9177
7323
-2184
3755
-4708
1423
-5402
-8344
-5555
2780
-7693
-7039
680
1689
6955
9391
203
6800
2021
7852
3418
6901
-3033
-2408
-5827
-8280
8237
3546
6626
854
4571
8712
-5364
6459
3762
4035
1675
-5875
-287
-2319
6830
-7690
9341
-4219
-5786
-2293
181
-4807
-9657
3861
-4483
-7578
9983
-2699
-1831
3766
-31
-2770
5353
-8475
-6043
-7339
7984
8448
-4742
-72
9376
1216
-4129
-1260
5061
-8303
-4614
1731
-4043
2259
-5086
-9763
-1960
1945
3199
-8019
2530
2351
-3456
7843
8724
-7245
-4543
-344
-9866
7639
-8262
2282
-9165
2052
1128
1811
1919
-133
4056
9995
-1465
2341
6036
-8364
456
-2721
4470
4306
8912
-6390
598
-2360
5398
4050
-6099
-9081
8437
5135
-6658
1721
541
-3483
-9919
6161
-7554
-52
-6466
-1032
4716
3349
8917
9549
9255
4997
7653
4648
-9067
9991
-2465
5898
-6781
2531
-1288
-1697
-4053
-5774
-9887
-7662
5715
-1687
-8419
598
5765
2194
8579
9557
329
7824
-5489
-1661
-5736
892
682
8652
-7539
7499
-6534
-1220
-6810
4981
3709
-834
9077
4520
5453
-2907
8432
-4498
6968
-1385
-4797
2369
7514
874
-8930
-4259
-6358
-658
-4960
-1692
3438
-4259
6501
1964
-6345
-3579
-8064
-210
8594
7630
5977
3315
3840
-8777
3255
8623
-3472
-4878
9537
-8088
-3964
-4475
-8087
-1722
-662
860
-5324
7837
-9645
-4529
-8484
-7372
3816
5368
1014
-5654
-5819
4946
358
-4488
6384
-3833
5028
-6240
554
-2479
-7815
6252
3148
2744
9409
955
-335
-4072
6039
31
2973
-702
-7255
4203
4953
3743
-1100
-4670
-6523
1488
5641
9677
8735
-6184
-8475
9520
-4779
-6910
-334
-7894
-9437
7771
6118
-9238
6526
1610
8546
5519
672
-6450
-9884
295
-7263
4762
2086
6850
1293
-1512
-6169
-7720
-3647
7763
7
5894
8139
6555
9785
359
7801
7580
-6567
-6021
-6623
-3987
-2483
-2572
-4717
-6010
-3710
-1641
6338
2745
1858
7838
-9989
5971
9800
8078
7027
9647
7558
9858
8711
-9053
-4201
5241
3708
9410
4566
-7962
-1020
5477
-8458
3148
5860
9900
-9065
5101
6850
-3240
-5327
8225
5813
2151
-9923
4008
-8750
-4244
-7380
-5432
8573
9912
104
5099
-4535
-2340
-1489
-1445
6250
-1174
3021
-4527
365
3691
-7814
-5458
-3873
5956
-4223
-8810
-4593
9995
-7522
-9743
-6191
2349
1322
6813
388
9871
3989
-5720
6624
-9022
-8582
2024
9341
-8051
-5792
949
-9957
-1606
-9975
9737
-149
-9808
5314
-7041
-3296
801
5029
9532
8656
8292
-7820
3263
-2050
6159
9304
-4146
134
2201
-7602
7306
-5594
-8069
3566
2532
1382
3100
1425
-7094
-6641
-8644
8837
9135
-7095
-6345
3469
9463
1496
7075
-6831
3440
-5832
7625
-3629
9575
-4659
7927
6704
4148
5048
3844
-9491
-2929
-3008
573
3933
-6137
-6679
2645
-8560
6288
-5117
7226
1318
3072
-6900
9309
-5835
2534
1641
1399
5963
-6433
-264
5340
5399
8870
-8497
-5237
3904
-8282
2696
-9729
8964
964
-2908
4335
4735
2173
-6489
-3713
-1305
8225
3507
9084
-8450
-7408
3491
5132
-5536
6393
-1810
-191
766
9316
-8251
-9236
-7493
8792
-4628
1818
-1022
-9685
-5124
7547
7559
-1338
7995
2950
254
4842
-5421
-6843
-3702
-7282
-9384
4519
6925
5905
-9580
6979
1508
-2711
-4962
6049
3103
-2863
-4638
26
8211
6573
-8198
-6169
5354
9313
3295
-7188
1670
-7222
-704
-7994
-114
-8771
4142
6972
-2018
944
-6481
-7085
1555
-4890
764
6659
-342
-4335
6013
9560
-9797
-4198
-9582
9
3149
8819
-7992
2705
4219
-7771
4707
258
-3797
2576
3275
-2607
-1776
8864
-9804
2119
-3305
-524
8254
9833
3211
-5010
1657
8413
5307
-2038
-5430
378
8997
9698
5419
-1969
-3242
-3325
8064
7989
-9097
-5184
-3028
-5004
-5067
2006
-5537
9091
-5652
5901
-4781
-2109
-2209
2692
-9854
2513
-8493
9515
2207
-4705
1789
-8586
949
4083
8522
-2238
-6747
-5481
4332
-6770
352
-7631
-5414
-2009
-6599
-5801
-9520
9470
-3639
-4088
-6561
9455
-9463
9172
8599
-1204
8458
-5791
9974
-5855
-2892
5146
-5909
6575
4885
-6338
5327
-1577
7658
7779
4581
-1583
-3969
-7557
1969
-4756
-8628
-1221
-4191
-4482
-7688
-6230
2980
7911
4958
8931
1537
-109
4262
7164
1019
9224
4468
6140
-6329
-497
4379
7387
507
1436
4848
-5335
4227
8068
-1990
3486
-6966
7363
-8218
-9978
-352
-7742
-3374
-4596
-7576
4607
-525
-6155
8313
3945
3289
3464
415
-6680
-2968
-6665
4455
-9921
-1971
7667
-7053
6062
-1535
-1332
8337
-2202
7274
5901
2961
-1549
9413
-2635
-3748
2802
4426
-6063
-5951
-58
-994
6668
308
-9698
-2861
-7836
-1471
1173
-8386
2996
535
-6214
909
-7758
5555
3332
1343
8421
9609
5680
9294
-9829
-176
3482
-7481
-7662
1188
7890
9405
3059
2096
9003
819
-8361
-1996
-4692
8927
7530
2039
-7174
8356
-459
-1398
2187
-5807
4846
-2469
518
5397
-5886
4752
6342
-4411
2432
1745
-4308
1827
9441
-8809
7564
-6939
-9293
6083
2829
2749
-7993
-3766
-390
-6397
6965
-2369
4791
-812
-2171
5473
2070
-4018
-5400
-555
-8911
3846
5167
274
-4819
-1214
1568
1763
8774
-6614
-9265
-7012
-1659
151
8341
-7154
-1356
6781
794
7753
-4965
-7016
-1285
-9169
-5989
6197
-3551
3837
-6856
7338
7295
-7542
7740
-9344
1924
-8515
5814
-7477
-747
-4460
-8230
-1586
9982
-3770
-5362
-5024
8512
-963
9174
-3764
-1194
-4552
7837
9799
-4798
-6653
-4015
7344
-1390
2251
-9711
1100
-2549
2282
7372
4918
3622
-9380
3875
-395
-4297
-2734
9526
6943
6945
-3551
-5037
-9672
-5618
5450
-6813
3283
321
-7128
-6351
-2392
-168
1018
1134
9046
4277
-7314
-9627
-2408
-5683
6459
-6295
1321
1382
5323
-8287
-4152
-547
8251
4756
-566
-1942
1592
-1576
-4363
-9009
554
-853
-5023
-7733
4265
-5638
-9460
-8213
-5672
-6317
-9625
4785
182
105
-7850
-1282
4212
-6966
-6401
-4833
2512
8353
-9613
-9866
-9171
6862
-474
4494
-1318
1686
-1412
-8036
-6839
-2959
5819
9590
-5325
-2963
6257
-4363
8622
-4177
6747
4739
-3741
8698
-711
-3589
6867
9443
-57
1110
-5181
3947
-6843
-1562
4488
2798
-486
-6986
5893
-7322
745
1886
-3094
9728
9018
8983
7340
-3151
-4713
-9180
1695
-8911
6520
-9035
-5814
-1274
-7462
5708
-1602
-5698
2042
-4549
5967
-1331
2563
9191
4258
-2469
-6020
2479
8861
6208
6002
-3156
8237
-9890
7459
1365
-2926
1901
2649
-5642
-3730
-2150
7446
9558
9529
1296
-3620
-8453
9197
-1779
656
-6337
7976
1346
4390
1972
3423
6878
468
-8290
-6764
7047
-5369
6149
230
-2687
-1201
2461
-1582
-4512
-9623
-4338
8726
5466
-4085
3614
8022
-5829
8582
9820
-4850
-7346
1313
6791
8123
4852
3639
2022
8924
-690
149
6553
-5551
3494
-277
-4597
1910
-803
-7841
180
1590
-324
-5071
7436
7178
-2405
-5510
1792
-8868
-7132
-6437
-9517
8051
1560
-1248
-5984
-8277
1995
1868
-592
5034
7590
1517
2421
-6976
9960
6598
-8720
-5286
3807
-588
4502
-9083
4713
8408
1011
398
-7455
-2181
-3384
9447
-4447
360
2488
-9711
8303
8187
-1213
-9653
5595
-3856
2205
2095
-2817
-4208
-1625
-1355
-437
1562
-8489
-6308
1851
-5883
-1936
5563
-314
7090
-4457
5015
-31
9065
625
1352
9212
-8212
4433
4750
5292
4063
-4200
1074
8337
6242
1541
-1837
-175
-6935
6476
-9533
949
387
-9047
2623
3123
-5389
-150
-3381
-539
2692
-4830
239
-9024
-5705
-4323
-6904
-5551
-5291
-8241
-8146
2489
1736
875
-6848
-5474
-6230
-5017
4721
-8844
-5493
-6420
4640
9775
-2320
3000
-7999
948
9665
8177
3945
5163
6092
429
8179
-8511
-3720
-4613
8260
7753
6005
618
-8623
-3535
1923
2025
-8808