8880
4268
-8455
2453
-7373
4671
8445
-5456
-1381
4949
-7032
1251
-5525
-3758
2896
4475
674
7318
-9465
-8267
2449
-1603
-6933
-1643
-5197
-8910
-7260
3882
-7572
814
-3421
7252
-5838
7002
-5273
7926
-2991
-4965
-8862
9728
-1576
-2591
-4627
3931
8961
-9547
3146
-732
8980
7771
-9840
7071
4152
-1729
-2356
482
1200
3189
-2351
-8464
1930
-5437
-7885
7806
-1630
-4284
-2912
-2526
-8486
4970
-2534
-4361
6179
-9192
3310
-4960
-6976
-864
-603
-5650
-2055
3473
4903
-5342
653
-491
-6900
5892
-643
4246
-3274
3821
7386
9602
-2203
-6139
-4706
-2433
-4439
3244
3366
-4329
-2246
-5991
305
4522
-9109
3343
4962
-7397
-2542
-7937
-6208
-6701
3592
8458
-339
7458
-2848
8861
-7384
1197
8118
-2731
-1756
3646
-1747
6578
3011
-552
9746
5457
-6425
6153
984
-7726
-4281
893
4353
6132
-1382
-243
-9071
-3247
-3213
-5338
29
4087
-3990
-660
4200
-2163
-9586
-3299
627
-7831
-2447
-9516
5766
6660
-3732
-5686
-9668
-4487
-7142
2001
8489
-2361
2315
1317
2739
8769
-6896
1021
242
2860
267
1364
-9519
-6419
-6383
4167
567
-6329
5248
1909
5042
6874
-4475
-1185
4721
-4766
5127
7694
-137
-5696
-576
5417
-6105
4786
-3826
-7611
-8229
4694
6601
5432
-5268
-606
6459
7768
1902
6190
-9998
2184
3042
2102
3747
6662
265
949
6959
-8386
-7886
-6500
6596
-2495
-6359
-4590
-8843
-4062
-6564
4850
-2532
-4304
7408
-8772
2395
5873
-2930
9817
-2823
-4352
-9585
-2242
6913
8531
-4769
-7057
-5349
7762
557
2763
-4849
2947
7827
-5441
-9726
8272
8098
-904
1791
9322
-1764
521
4332
7052
-1278
4307
4777
1814
9708
7874
-409
449
-6229
1311
-8801
4357
-3413
8065
-7727
-9302
-9241
-6604
5381
673
-301
4522
-2131
2848
-9047
4123
7776
7975
-1975
-2145
7412
-106
3426
9861
-191
925
-1834
2838
8054
2683
-6829
4703
-825
-3484
-6640
-4082
1685
-9968
-3178
1093
8563
-5160
5141
-6342
-2647
4201
-3563
-8072
861
-4415
-9902
1617
-7576
5917
3899
1305
-9070
-3274
-1744
1349
2532
-2079
-4658
-7303
-2498
4996
-4654
-8647
-512
5036
-7563
7744
1153
6932
-707
2572
4754
-232
2507
5609
-5513
-3762
-8024
2469
2585
1555
2279
3259
2617
2055
-5013
-5041
1777
5473
8562
641
9499
2443
6156
2358
-1146
-4916
2440
5826
-6853
-7645
-9537
-4508
-3377
-8673
6552
1163
4219
2647
-3138
-3706
-4056
2873
112
5948
-7283
2087
-1263
7433
48
7479
-4034
5680
8371
8652
3074
-7690
3612
-9851
-3246
9403
3798
-3849
-678
230
1091
-3214
-3365
1289
5504
3825
740
9130
-1390
2268
-5304
-3375
-7669
-9792
-360
6767
6348
5008
-4222
-4331
6389
-5217
-2878
-2028
-1746
4242
7551
4069
-4108
-2540
2496
9794
-6449
9883
-5144
5932
-4548
7448
-8071
6223
-3262
-3164
-2930
-3897
3956
-3552
9980
3403
510
-12
-6945
8791
-9627
-6348
3841
-3693
9665
8664
-6965
-8739
6275
6672
3238
-8850
9772
-5097
-6927
-7552
5353
3709
1315
8901
3078
-445
8932
-448
7714
-8981
4017
-8195
4263
-5852
-6441
5905
-5595
3706
9420
9900
-3959
8549
6267
-3211
4413
-9333
9949
66
3599
-4081
-3669
-948
-6626
7531
8050
6801
8673
-5846
-4288
818
-5280
-5712
-1407
8645
-5353
-8771
-3001
2126
3112
7333
6746
-3935
-4517
-6826
6407
6804
7442
-5474
-5513
2410
-393
-1135
5953
1795
4688
-5036
8432
6732
-3902
-3241
7232
-9750
-2006
-1399
5179
-8247
-45
7623
-7858
3183
3669
-2178
6955
6266
-826
-9735
-6431
-9801
-8877
-8754
9359
4147
9667
3302
-8789
5856
-1664
6799
-6043
9683
-7202
267
-3972
-3647
-9899
6495
8072
6882
-2004
4654
-3151
9820
-7617
1305
8742
-8216
1911
9687
-7380
4422
-8605
8232
5608
-5148
-2600
-6916
-9417
4692
-2610
9323
3417
3156
3665
-7541
385
-6599
-8206
601
6165
2679
-7806
-3313
2204
-3530
4397
9540
1764
-1638
4561
9428
-6055
-1351
4179
-465
8288
-5434
4660
-8824
8954
7017
5912
-6620
-508
-1326
-8764
3693
-3846
9925
-9081
5341
9991
-8691
-6478
-59
2228
4708
-3972
-862
455
-2140
1321
2221
-9870
-2037
5378
-5232
8978
-5871
-5828
-4181
-1258
-9382
1648
9148
6768
8814
7196
-6470
-4767
-9296
3385
1840
-2557
9220
9437
-7364
-4874
-5763
7308
-6421
8539
-4479
721
1093
-4304
-6310
-6751
-8471
3296
6468
4715
-7975
5752
5101
-3401
9373
-339
-5626
3174
3414
7513
-7502
-6096
-250
4476
9482
-5222
-9089
-1474
2741
9643
4740
-3178
-9408
-2720
-6780
-103
-9446
3451
3077
5564
5667
234
-1234
-4010
1360
6088
2342
2621
-9936
2975
-9249
1064
-6107
-3933
6040
-8384
-9029
6618
-3785
8913
-7662
3003
-9445
6826
9975
5203
5159
-2180
-6622
-525
-894
923
-9904
7851
-8155
2264
5139
-6240
-6885
-6607
2436
-1710
-1539
9767
8891
-6324
-7072
4526
1241
-8397
-1074
-6063
-2764
4165
3226
-7337
-321
1940
-3985
6157
-9072
-5478
-758
589
-6132
-172
968
-3957
-5779
-6224
-3523
7211
3502
-7179
-3524
4048
-5459
-9212
7935
6299
2275
-9367
6580
-8226
-9451
-4831
-6313
-4069
-5376
9183
-7415
-6802
7746
-3041
-7535
-2087
9049
7873
5898
-938
2708
6886
304
-2535
5126
1715
435
-5585
-2312
9178
8122
-1110
4006
-283
-6118
-9705
-2057
-2533
40
8700
-3859
-4964
-8582
-4961
-8810
-6721
9466
-3458
-9644
8564
4999
-3331
-5109
-1128
-6410
5389
330
-885
-3351
-1166
4734
9272
8243
-4554
-8940
3696
-807
-1971
-6923
-7830
9971
1582
-2168
7199
-7079
-2329
5467
-4736
-3726
1847
2250
-6107
-5941
-875
-5822
1452
-6002
-4867
-3874
-1507
-34
8828
-9182
-8795
-6035
-3131
-3206
5972
-6021
-2506
4086
1437
-6535
8186
8593
-6583
8837
-2307
-4049
5920
9923
-4935
-7160
4802
6585
841
5213
-882
-8732
-392
-302
-5941
-8098
4585
2204
-8858
763
-3373
3233
6052
-9123
9495
-8715
8781
7761
-9187
-9572
-4127
532
-9240
2615
6305
9183
207
-1430
-5100
5988
-3983
-5379
3124
1657
7676
4704
4371
7797
27
-466
-1120
-4018
7451
2655
2210
4460
-100
5042
-9573
-6221
-5940
7041
5771
413
-661
8586
-9493
6993
3393
-5124
1696
-3985
-2697
-4845
-5254
-7995
-9891
-5606
-6799
-5209
-3086
-9016
-2266
1279
1548
9892
3082
-1894
-9595
-8155
-717
5165
-1858
-8879
1928
-1024
-1150
-7290
-7683
9091
4197
7379
-5596
-4850
7839
-7135
8679
2295
-2092
205
4351
-4495
1840
5637
6866
-6925
-693
-5508
8866
-552
-4497
2401
6588
1548
5594
6531
7873
-3818
3227
5770
3155
7399
-7924
-5889
594
-465
6581
-7417
3441
-1317
-8787
-9214
-9803
201
-2506
-6222
-6675
2506
-5745
-1148
9670
-5642
-6155
2870
3587
-8205
-9209
2856
-443
-8693
-5007
2496
9069
2139
7050
6953
-6572
-2272
-4958
-2670
-3505
-3276
1051
182
-1765
-5284
2204
-3613
-5947
1816
3206
-4634
-8073
-5625
6101
-1204
3553
-793
524
-1201
-1256
-6276
3026
2134
-6310
-1283
-8282
-1941
3151
541
-9651
5597
-2537
6926
-7644
2945
3308
3664
-5366
-1129
-408
4405
-1197
7742
-1898
9627
569
4694
6038
-1747
-6600
4222
7205
6244
8586
-7229
3698
8918
-3508
9518
-7003
-5856
3236
3513
1466
7609
7903
-4999
-7982
-6844
5489
9890
-5428
-8347
9207
4340
4922
5284
-5969
-5937
8149
-2975
2022
-5103
-2859
-3872
8393
1220
8340
9586
9248
4391
-2828
-4883
-4127
-4553
-8832
5291
-3724
493
-8277
-4433
2675
2882
2765
-6489
-351
5552
7038
-5754
-2150
8414
4886
-7572
-8631
5973
2123
-1662
-3629
-4662
9217
-3317
-3339
-7568
-6092
-8903
2718
9456
5780
3759
3172
9631
-992
3538
-7660
2581
4350
9141
2133
-6370
6479
-7160
4183
4094
1735
-9167
9506
-5257
-6252
-99
3325
2830
-1081
-9063
1277
5040
8906
242
-1027
1667
794
193
9772
-6722
1075
-1781
-595
-8653
-9913
-1212
-8378
2983
6206
-7259
-1141
6376
2501
2568
697
-6925
-8408
-2026
5708
-4122
-9566
-9659
712
-1929
-7739
-2700
3675
-5892
168
-9534
2836
-3714
-6931
904
-6981
-6484
1428
8158
-5344
4960
-1721
-9658
6625
-3823
2079
4902
-7461
-3662
9545
-4103
74
-7180
4486
3893
-7157
733
7507
-8666
9087
2788
5113
7515
-7185
5740
-95
-7427
3307
-8404
-452
-2819
1647
-6566
-6682
-9253
7600
-9909
-6284
-5466
5992
-2640
-5240
-2663
-5437
-5730
392
16
1800
-824
-1939
2286
-3991
94
9072
1868
9848
764
7528
-9115
6272
-494
-8406
-9058
6790
2364
4251
-3361
9503
3739
6294
-7249
-2983
2973
-4658
1727
-1973
-2224
2952
8545
-4653
9890
773
-5870
3536
7262
-8829
-8447
-5637
1450
-9101
-3165
-7436
-7169
-1738
-3514
-4235
-6182
547
2199
19
-6248
514
8061
2883
-4691
-4731
3037
-5249
-2655
-6159
2072
7813
8983
5538
6383
8733
7464
-2593
9529
1192
2698
-7724
-1948
2839
-542
-9813
-5815
-5290
8857
-4039
-5791
7229
-9248
-1474
-8405
-625
2713
1248
-1773
1993
-1865
6802
7019
-2391
-1172
-978
-6418
-2707
1880
-2246
-1699
6411
1019
-8993
7322
-8525
-7539
-4778
-6576
-4879
-8916
-1673
-4106
-8617
9632
4843
7061
457
3942
-2992
-3980
-3784
9181
-2465
-6943
5896
-4742
-9557
-5989
-9565
6606
6892
2830
1103
7661
-2202
-3790
9745
1204
-9881
-3087
-2510
-2176
-6895
908
9808
908
5635
-2023
3985
1962
3126
3352
-5128
-8267
-7915
7231
-6517
7951
-8574
6218
-7982
-8789
-7011
-1484
-5808
5497
4792
-6278
1833
-1367
7316
9253
3822
-9906
8530
8393
6075
6627
-6751
-5012
-377
2467
26
-1526
-6521
-6460
-2042
-631
5576
568
-7274
-8206
-223
-6098
-5105
-3722
-5166
4589
-3284
-5689
6116
1912
6144
-4649
4646
3873
9530
-5222
-6796
-6307
-8844
-3144
4701
6439
-3406
-449
1186
4516
-4964
-9348
-2461
-4577
-1853
-8735
-4094
5522
-524
-80
5199
2251
3558
-8515
-89
8939
-1128
7711
6323
-5326
3828
-393
-5990
-6820
-3836
1883
-588
5871
-2907
3339
7308
5345
5093
319
-447
-3936
6772
693
-6235
4878
9446
9125
-5603
-390
-420
953
135
9671
6946
5763
-2434
-1117
3228
-3489
-9313
5430
6642
-5642
9259
6264
1854
36
-1572
6137
2612
9855
7158
-6762
1933
-6154
-7834
8180
3946
-8555
-4771
4703
-4790
4401
3601
5212
-8253
-259
8926
1330
-4228
-1576
-7884
-1418
-369
4123
-577
2413
1434
-2499
-6976
-591
696
-1740
6998
-275
3795
-3103
-2262
3099
3597
-613
4938
1783
-8718
-4015
219
-7760
758
-5954
4517
-7887
1111
7098
365
-5813
7738
-1424
3608
7810
4424
-247
-3255
-3556
8421
5821
-5993
6950
7403
-6125
-8584
4851
-7997
-4173
7734
6385
3487
333
-2700
-6354
-6096
-2818
-8345
-2613
2985
-9089
8298
3598
7895
2811
1987
-4781
3289
-72
8675
-6156
-7359
-1506
3363
-4539
-8022
3269
-5163
-3117
-7370
9667
-9891
-4716
9365
3980
701
-2595
-8724
-39
3906
-2759
-1902
9358
3460
7510
7523
409
9056
-5408
1888
6198
-8439
2075
-2848
3890
3743
-5008
6971
-8162
-8332
635
-7656
4772
-5243
3319
-9199
3014
4234
-6085
-7890
-5418
-6058
-6672
6022
1433
5747
-6716
5034
5853
-2061
1569
4214
-9755
4996
-3568
8105
-1966
8132
-4525
-9764
-4292
435
9438
-1707
-6729
-5104
3326
4600
-9859
6709
-5492
6175
5141
-7518
-2694
2255
8234
6054
5719
8144
459
-41
-8883
3899
99
6421
-7901
9777
8326
5214
2767
4882
-1242
-6322
6402
4147
-5496
5035
2751
-3463
-7580
-1316
4893
9144
-6569
5394
9074
7764
-2311
4177
9872
1981
-7587
-2668
-222
5750
-683
-4461
8194
-3150
-7203
3549
6275
-5073
-6058
-374
-2584
1463
-3920
3159
-2250
-6802
-6698
-818
5723
-8225
5066
-8027
467
4705
7347
-5665
2088
-5852
5342
-9215
2469
-8574
3900
-9348
-5171
8966
6842
-4100
-6261
-1128
2409
-34
5202
3805
-2022
-2389
1684
4531
-3574
6674
-1321
3231
1609
-1998
-9316
-2657
5072
-6511
-497
8463
-8539
2126
-415
-6844
7157
-4010
7563
-4573
-1670
-1215
-3643
7402
-4557
-3150
-633
-4901
-3228
6662
-3273
-264
2652
7557
7722
8669
2107
9239
-183
-4102
9969
7486
-6107
3352
6398
-4723
-2589
-9718
-9620
2046
6649
-8013
49
-3744
-3799
7642
317
1277
-2212
-5241
8636
5585
-9429
8410
6762
9768
-4189
-6096
4404
917
1050
7919
6173
1665
-4541
844
-5108
3005
-8996
-9834
9440
-916
-5281
4726
-9987
-5261
9688
-3605
1356
-9920
-1648
-9171
1450
-4942
-2738
-5617
6914
-4517
6591
6630
9467
-6494
-4122
-536
-9005
8730
-4185
8385
-9204
5357
2750
7312
273
-2378
-4681
-449
866
-4154
8396
2022
-9920
9416
2548
4324
-7435
221
-3532
1114
-5598
-8925
3930
9409
6415
-5626
-9301
5933
-6794
5256
3731
-8716
8925
-8698
-4401
6000
-2669
1040
556
-6172
9740
7711
3518
1068
-2912
-5432
6550
-9950
959
1555
-3102
775
2261
4702
3982
9721
-8574
3342
-9103
-4101
-3078
-614
-3655
5611
2115
7112
3098
8778
3817
6549
-3008
1525
9665
-7361
1374
-3309
-2442
-7138
2320
1846
-2176
-9352
-5026
1651
-1643
-7045
-977
-5777
-2680
-4122
4573
3990
142
-5343
6907
354
1366
7908
8953
-24
1470
7772
-3766
4410
-5437
5374
1110
-379
-6673
-2709
2163
8565
-8979
-949
8075
-3727
-5589
4695
-2746
-840
-1912
-1125
1457
-2062
-8025
3002
-8618
5008
-4267
-8980
5326
-350
-6091
-7657
-9624
52
4415
564
-2912
2983
1846
9402
-9105
-9971
3715
6009
2969
-8910
-3417
634
-4058
6672
654
-207
-8112
-7405
-3685
8297
2435
1562
3991
6103
-6112
-7694
1966
-7488
4655
8678
-1325
-1978
1859
3847
-2394
4271
7314
-1313
-2021
1428
4223
-4034
-9968
-9709
-1575
5100
5079
8655
8997
4116
-9545
7781
-6263
6118
8130
5527
8993
5744
5514
8590
-1936
1203
-8647
4292
2416
8562
8775
2095
-935
6384
2479
3201
4616
4887
-5927
-3532
1529
3699
-2323
-1212
-2773
3312
-6485
-9461
8222
894
-5716
5741
5718
2080
5278
-8430
3173
-610
-6636
-6980
-5387
-4259
-2124
-136
6325
-7017
-411
-7387
-8363
-2745
-6835
-1149
2045
1661
-6003
-4706
-1934
-3275
1362
4752
-2313
-9186
6070
-8479
4277
-6966
6378
6985
-8895
909
-9973
-4775
1522
-8947
-8145
-4212
-4178
7814
2463
-5756
-6278
-9098
8903
967
-2271
5433
-6304
-5944
-1918
-17
3505
-3552
8029
-1388
5333
-6202
-329
-3645
5587
3291
-3394
2605
-8493
728
-2773
7940
7329
991
-194
8210
9473
252
4262
-2882
1030
-3215
-8088
-4897
3792
8844
9338
2322
-1097
1122
7404
3580
-2803
-7090
-4279
8057
6117
9467
-7773
9173
7638
1118
9395
-1826
-6260
-211
8105
2705
4250
-128
511
-6747
2186
910
7582
-1453
-8114
-5433
2563
6743
3953
4284
-6299
386
3325
3647
742
4419
-4730
1750
-7908
-9995
-1976
5090
-520
9913
-2609
3739
-8637
-5997
-9261
-3367
8072
9031
-9390
4151
-8607
6288
-4672
7174
6170
1550
-3096
-4515
-4781
-6646
-2584
-991
4850
93
9047
-6314
-2566
-7501
-2221
506
5229
7097
-8570
7669
-8844
-1852
-6796
-1440
6003
-2680
6213
-5329
-225
9174
2253
4455
-910
-1903
5580
543
3101
-7462
-130
-3874
2497
8383
8890
1270
-5044
7054
9200
5572
1251
104
8922
-5704
4857
-2341
6018
-1978
-1655
8344
-518
7900
-2858
-7255
9234
5676
7841
-5409
4597
9337
-3080
7237
7406
2690
-2774
5304
-4828
-7227
-741
1935
-6397
8950
-1880
-9360
3420
9671
-9748
-2044
9599
-8570
2080
-2442
-7803
4757
3056
1971
8985
-248
9149
-6787
3430
-9636
-7543
9863
-1348
4015
2699
-3769
7071
9553
-7513
3244
8763
6411
4741
533
-221
-3499
-675
9564
5424
-116
-5007
3166
-2743
9362
5039
-7352
9635
5256
6320
5420
-6376
-3955
8505
-6762
6493
-1742
1988
9405
-3029
4021
886
-9955
8944
8836
-1205
-4213
-9984
-7477
-7808
2483
-9573
9586
-2210
-6454
5372
-709
2605
-709
8977
51
-3403
-8186
-6767
-2933
-381
2718
7907
1502
4040
-8480
4514
-80
2592
-8598
8998
-5052
4223
-1579
567
-749
-7369
7111
3063
-6163
4993
-5961
8255
4959
-2133
-2798
5653
-7303
-9572
6920
-2577
-929
6813
1876
-784
6078
-2119
-1485
-1516
-9329
7970
507
-3007
-3613
-5452
424
5069
-5817
8725
-275
-2580
-513
-1248
9397
2075
-4420
4463
-7053
-6365
-3162
-4132
1817
-508
5673
3980
-74
-1865
-7653
9206
4489
-8630
4116
-1374
2392
-4132
-5514
7046
1867
410
7443
2133
1469
-6027
703
-500
7937
-9681
7416
9802
-6364
-8386
-5067
-5120
-8355
4804
-3848
-8986
1321
2408
4623
-7712
2722
-5022
-5765
-1646
3304
-9140
6360
3529
-2412
-1466
-7405
2537
-3808
4705
4399
-2157
8790
-3828
6043
-394
719
-7454
5569
2874
6438
-764
-3019
7589
9716
-6529
-4276
9460
5788
5155
9412
-3510
9739
-7652
6196
7076
-6040
-6113
2213
5102
9020
2396
8689
-3059
-9596
8310
-7775
-4852
6366
-4984
1569
176
-590
1361
1917
-5933
3880
8772
3814
-5883
-7191
-6864
6750
1038
5294
-2092
-1895
6441
-23
8967
-4354
-3168
333
-9533
3855
-5959
548
-9961
7184
-8595
-8754
-9424
-6907
772
-6415
-764
7081
-1623
432
2128
-6804
-4812
74
-1904
2292
5883
5647
-2349
1647
2496
204
-4215
5172
7399
9370
-5263
9843
-1058
7506
-2125
3520
3840
-8413
2408
-7130
-7767
-9958
-4022
-2548
-3942
828
9728
-3992
7849
5771
-9543
6758
-7763
-1825
7972
-1605
-7103
-1608
-5313
1202
5462
-4596
-4305
1402
8849
-607
-1862
872
-7443
8609
-644
-6399
7667
-4775
58
5841
-331
-9802
-4411
-8332
476
9777
7324
-8372
8913
-2020
7605
-9233
9534
9480
622
-4553
6900
-8794
-2591
6830
4347
4576
-1396
6665
-7311
-1144
-6549
9240
-3586
6857
9091
7013
8118
-7869
8727
-7302
-7197
-6982
-9275
5685
-1919
-5933
2489
868
1789
-2629
1338
-6923
-2014
-6091
-3299
6461
7816
3229
-8507
5093
1595
-1075
8980
-8381
6325
8084
5214
-7945
-1111
-9409
-7350
7403
-9248
-2076
-7356
3882
-9520
1725
-1252
280
-7914
7736
-5124
5318
7519
-9627
1254
-7495
156
-7370
9198
-5112
-9362
-6366
1104
3878
-5961
9106
9360
-3
-1147
434
-8021
1197
-5279
3935
-7675
-9938
-8736
2820
5981
-3909
-5520
1213
3006
3860
-5952
-6339
-5900
5952
-3170
2709
1900
-3741
-8606
7762
6765
7119
6820
-1234
-157
-8626
2365
8752
-8573
1653
5756
3680
597
-6417
8049
1191
-8760
7337
-3350
3107
-9593
-575
629
7244
-171
-9623
5006
-6592
-6834
6144
8534
5721
-198
-3041
7171
-4793
-6758
2498
-7024
4606
3727
-4271
-214
-8648
8104
369
3065
-9483
7903
5639
1469
4564
9610
-1712
7355
-2661
-3511
9576
8938
-535
-3631
-1044
5585
-4717
3120
-9965
-6123
-6363
-3588
2842
-2051
-1258
4360
2044
9381
4678
9639
-723
9141
9461
-2687
4488
-4495
-2472
-5325
-6031
6112
-8486
-395
-168
8718
-6334
3561
3512
-1763
-5230
145
-5497
-1768
8069
-3509
-573
4105
-4939
-2310
-7274
-9796
-2435
-1092
-7324
-2300
7212
-9565
9478
-7848
1881
-6550
-1943
-9393
-850
-6076
-7637
4033
6581
4124
-5718
5182
-9153
-6193
4610
-5468
5136
-8956
-8928
2969
7886
-9617
-9556
9838
-8052
-6236
-1454
2607
-3072
-7869
-8495
-6770
4084
1359
6356
-8680
-7912
-6105
9082
4144
-5873
5394
7525
938
-6592
-2455
9357
-6242
4298
8144
2565
6168
9364
-3492
-5734
1498
-6994
-1781
8659
-4614
5378
-243
-2895
4449
2618
-8949
-8902
-512
-2549
3290
-7556
1240
-8038
-3072
-1159
-7508
-7141
-494
6430
4404
-5593
-5212
8309
-1216
-433
-4662
-6133
-2425
-2907
-5142
8314
3869
-4764
3696
8767
4371
-1712
-6925
8320
-7644
-3553
-132
6308
-8992
5700
-8676
4205
2435
7667
-8226
-1362
3500
1790
-5745
-9022
590
1449
8322
-5118
-2720
7184
3523
-7605
-7407
4976
-1425
-3996
-1733
-1838
4471
4204
9785
1186
4073
-2043
4539
-1520
7300
3084
-1758
1134
1433
-92
-4681
6220
-5186
-7921
-9019
2718
-1824
-7078
-33
8194
1040
-4828
2924
-2527
3715
-3967
-2876
5321
-4062
-5727
-6804
-2430
-1146
-7687
7718
6298
-3561
-7891
4149
-4763
6640
6146
-4249
-6386
7077
-3627
161
-3504
-4978
5549
9986
1548
-5763
-8409
-9854
-1100
5033
-2934
4766
1267
-4040
2922
-4804
-2841
-3288
7750
-2635
-7500
-5639
-5317
-3721
-3933
-1226
-5271
-8447
4894
9422
-690
396
-2659
5872
-9372
299
389
-5712
1648
-6668
-2737
-7833
-1183
-8736
9373
-2657
-7119
9278
-6282
950
8593
6903
9328
9008
-2339
-7866
-9662
-730
3918
-7226
9508
-9963
-4748
-521
-4277
6670
-2575
5396
-4668
-7377
4808
-7129
5064
4417
-9899
-9667
5545
-6582
-3094
8724
-4107
-4548
7836
-6056
-9172
2407
1069
-1667
-1789
8494
-40
-8882
370
-1126
-6175
-2774
6916
9338
5542
-7297
9919
-2514
3946
-8905
6143
5722
-8161
-5089
8906
-2673
-3410
6921
-7636
5194
6882
4055
-7798
-8692
-1350
3317
-4399
9092
-2816
-3162
2664
3689
2501
-3811
591
2876
-6583
6208
-2123
-5797
8806
8407
1507
6741
-2199
-4893
568
-3842
-573
-9117
1904
3040
8754
5177
1993
-230
-4977
5608
687
-7776
7102
-9174
-9699
-2893
-1569
-7547
-6780
5650
4320
-3970
-6091
382
-957
8162
6389
8475
-7452
-4538
3507
-6458
-7252
9444
-336
-3699
4935
9625
4936
7325
4197
-9180
-2148
-2190
-4480
-4348
-2899
7979
8106
-5600
-1691
-4653
-8114
4919
1838
-6603
6974
-8479
-6004
-9409
8788
3518
-2778
9562
-7900
-2856
9477
7659
1163
4001
2172
-1193
-2482
-4104
-8548
3499
8178
6100
-5138
-6610
1060
8410
-9631
8149
7154
-1840
-8345
-2170
-2395
-3734
-673
3414
5628
4344
8537
-9321
3599
-1709
-4290
8377
-3824
-558
-3184
-5895
2228
9502
7830
5991
3467
8340
-4780
-9126
6660
-9394
-468
-9622
3149
-926
-7592
3941
-4512
1647
54
-5104
-5327
8759
3180
3174
-2640
-9228
9901
-113
389
-3514
7214
-8383
1594
6264
-4080
7652
330
-4335
4363
-734
-8954
-1548
6755
5021
-5188
8158
-2470
-5475
-4118
1769
2888
4530
9389
-8081
9432
3470
-3679
-5345
-1370
2694
8440
5333
485
173
-6608
-2086
-1215
6885
-6847
-5244
-6390
9824
7284
-9213
-6150
6222
-7997
8159
-1638
-798
3242
5375
-5996
8621
3598
-7316
-7771
-326
6833
2451
1331
-4325
7035
-8331
827
-4287
7967
-3419
1629
6899
-627
646
-8629
-8875
-1841
3065
7246
8601
8070
-6790
1466
-1837
6294
9429
9452
-6936
1328
1865
6576
-9293
-4315
9111
-9948
703
3426
7936
-7212
5614
-39
8137
8255
5422
-3470
1464
9829
-7404
4004
-7121
462
-9467
-4562
-6372
1605
3622
-9016
-6832
-618
7607
-7782
-2237
4385
-3898
6
921
1214
263
594
669
-2300
223
277
-8368
-1360
9934
-5044
6044
-8367
-5170
9600
6855
-940
-1551
-8597
6042
5270
-7944
-2494
-3570
-282
258
-1446
-4819
3396
-7802
-6249
2152
-4584
5609
-9751
-434
2003
-6666
5179
-9762
257
-6194
4988
1672
-1334
-5060
-8466
-5449
8008
-4637
8703
-4064
-5302
3964
5652
-843
-7243
-5837
-9049
7442
-8331
-4905
-1763
-3559
6182
2804
628
-3976
-5420
33
-5148
-4274
3271
-8835
-4215
1464
-2931
5834
7764
-5222
-1277
-5998
-2827
-1968
-6504
7816
-2546
1452
9958
1093
-3191
-2161
-7617
7737
8570
-4839
5570
-1453
5490
5862
4312
5511
9972
-2025
-9489
2976
2666
-6467
-1821
-5812
-7912
-3077
-3600
6173
-1281
7667
7923
-9796
-7055
8367
-4650
9177
-3933
3487
-6777
7013
-6657
5534
-7405
-9377
5895
8523
-9656
-8099
466
3213
-5970
9199
-2480
520
-4850
-6080
-6728
5769
-995
9887
-8561
-3790
-982
-9098
-2761
5365
-4399
7124
512
5136
-557
-3515
-5249
-6502
-367
7133
-9063
-2445
-1706
-6434
-3422
-5502
-4293
5506
3637
8724
2684
2425
3217
-8570
5904
298
-5519
-6663
5574
7133
-3485
-8307
3385
-9471
2921
-6780
1390
5330
-6230
7546
4448
-5978
-9113
-1982
-7018
5717
-2525
-4561
3308
6941
-9498
3513
-2734
-1485
-7320
3176
-6093
-918
9233
9145
-7996
-8586
-2075
2500
617
9244
4170
-2236
645
-6642
3109
377
1736
6091
-5724
-1338
1538
-4802
8448
-9814
-7177
9042
29
8633
6630
3003
4428
-5130
7850
9745
9314
-7692
6098
-5375
5542
3033
6097
-1613
7401
-6262
-8453
9712
4795
-50
-6168
126
-8224
1175
-5762
4019
-8363
8709
634
9046
6322
-7038
1386
-708
5870
7615
-5184
-700
-85
900
-5956
800
4280
-2890
-9451
1243
2565
-6849
-2202
4709
8640
-6888
-5753
-9922
4801
-3496
1226
-6748
-9369
-6169
8107
-9395
1674
7053
-1696
2579
-8353
-3195
2517
9786
8923
2247
-204
-6106
-4094
3032
5846
4666
625
2995
-8547
8487
910
5926
-9594
3209
8716
1307
4491
-634
-3611
-8437
-1332
-3916
2793
-6561
9127
7228
8807
-2029
-404
-4240
634
-1987
5786
-3608
3316
-9648
4173
-8231
659
6560
2628
-2364
-7623
9621
-305
5748
6646
5095
3864
340
2314
-6849
3397
7359
-6422
-6288
1101
-7534
3905
8619
5860
-7346
-6601
5693
-2147
-7103
-9861
4014
9894
8363
7135
2722
8708
-171
-1064
-8968
-6294
3173
3744
-6622
-9419
-6289
4107
9256
3447
-2517
4617
8428
-7187
-397
-748
1706
-2136
2040
-9300
-26
-5763
-3316
1767
-3202
5609
-7368
5202
5502
3206
9593
-5556
-6433
-1577
-7454
-9995
7928
-1278
527
8038
2148
-1453
-5857
-7754
-9630
-1719
-8288
1200
290
-889
-4572
-5143
-3333
-872
8963
6795
7022
-8594
-3054
-2230
7949
-1490
8606
-3951
3855
-6962
1049
5
-9733
-403
1324
-7017
7338
4003
-1448
-8574
-9907
-5562
1397
8518
3896
1433
-5088
-3609
-2222
4735
7777
4439
-540
-4248
-7016
6522
-8224
-7244
-9912
-6362
-58
8095
-1608
7332
7232
1708
933
-9308
7787
-7555
-2480
2665
-9425
7536
6702
2584
9
-1571
3874
-3484
-6403
2215
8272
9120
-4739
6610
-9456
4516
-3387
4802
-8793
4581
3914
-5086
1485
-8001
6046
4066
-8715
-7812
-9500
-5781
-1396
-4668
-2785
-4888
3863
1924
-950
400
-3487
3347
-1118
3573
-9960
7727
9823
-728
2070
-9379
1164
6417
4079
-7016
-8763
2939
8752
5662
-3949
4702
6538
5944
-2856
1686
-3984
9379
-6390
2939
1905
-9851
-7253
-1380
-4535
6213
-1711
-2140
-4302
-9659
-5127
3758
-7824
-3227
-8005
-9336
1025
-5917
140
-4381
-5905
4276
-3639
8202
-4127
4348
3863
570
-3797
7197
-2444
-9338
4116
-3116
7368
1921
7875
-7457
952
7866
4696
3378
-2760
8410
789
2294
2526
-236
3948
-3520
-9340
-8067
-762
7992
-1156
7630
3789
-5454
-7253
1117
-7650
7720
-8344
-1498
2785
-5789
9642
5293
-594
74
-7211
-1519
3131
2275
924
717
-2964
-2049
-2588
3579
-8178
-5902
6622
9724
6536
-4377
1424
6125
8040
9738
8133
3329
9797
9835
5516
6977
1721
8739
-4375
-3423
2652
7233
-9643
-6126
-6310
2180
-1198
6964
-2933
8127
593
-4163
7134
-832
-705
8253
-8903
-8067
1966
-2838
2787
-6483
7254
-332
1941
-539
-1315
3297
6759
3948
8996
-1703
-7674
-9165
-9073
-5411
-6260
2748
6034
-5644
6822
4461
-942
9913
-856
2296
6195
629
540
7264
5879
-212
-3227
8463
3791
-865
9980
690
1933
4229
-6506
5505
-9796
3120
9131
-7704
-6490
6298
-1760
-5295
4512
-1650
-4101
-2391
340
8326
4460
7341
-9477
9646
3266
8057
-7244
9496
8069
-792
-8476
-6137
-2956
1793
-5391
3051
-9185
-8196
-9138
-8684
4257
5938
-9219
-3152
-1215
9897
-7612
-4166
-7249
-2471
-6112
9164
-1877
5465
4676
-7361
166
2287
-9038
-4562
2749
-9292
5052
-77
-9229
9648
-746
6448
-9905
-8539
-2465
-5905
-3253
-976
-5931
8522
6559
3676
861
3369
5669
6922
6745
539
-4680
-7640
5741
1580
7117
-8030
-7115
-1472
-9159
5424
-1432
3548
-9114
859
-3923
-862
643
-4060
-4261
-8710
9995
9794
2417
9099
1395
6154
-3920
6490
-8575
-2407
-230
5827
-6036
-5488
-5397
8411
-6094
7674
9332
8125
8576
9007
-6747
1323
-9544
522
7636
-4300
-2402
-8277
-7274
-272
1183
5454
545
-4474
-57
6642
-9816
-9038
5891
-3605
-2898
3248
-4346
2741
-417
6375
-3744
-2334
-4769
2970
-3391
-2386
-7286
-9012
6540
-8906
8643
-9127
8519
-9621
-1108
9703
-5133
-9959
-5356
-1490
3968
9077
-1533
-2735
7489
8369
-7766
2181
1904
5
-4331
-2285
-9062
-8739
9445
9933
6493
-244
-6881
-6432
2739
-444
-1013
-1151
7999
9312
-7556
5511
7504
-2600
-1619
-4388
-1903
-8928
-7594
-2821
9199
7967
5481
-1759
-4620
534
-916
-3465
5425
928
9935
7258
-9065
-1041
-6790
5111
6922
-8925
5772
-5589
90
9618
-734
8178
5924
-3277
4677
-5496
-8376
-9944
9618
9866
8855
2265
-9267
8527
4276
4879
8189
-7796
-9528
-7548
3425
-2930
9377
-4814
4576
-1456
-5811
3270
-1310
-2978
-4699
7996
7090
9581
-1300
7304
2317
8658
5858
-5420
-5090
5368
1310
-9931
8404
-1330
-1774
-5316
-9165
-7957
-7113
3567
-6061
-2362
-3807
-7805
8801
738
2147
-3868
-9686
-1645
1367
2596
4564
-9141
5176
-8847
-174
6972
-7439
9531
-3653
5893
7542
8057
5760
9308
-3218
-4094
-9682
9506
2434
-3354
-5866
1735
4057
-548
3387
-3496
8503
-8422
-3490
-275
-5735
6556
-5999
8715
-4495
7545
3494
-2927
4858
6313
7977
2449
-6969
-2618
-9038
5199
-1949
-2806
-7639
-1270
7020
-4180
-8435
4003
-1510
-9646
-8787
8170
-8479
-6703
9613
2745
-9951
-1848
7180
6809
8362
2350
5387
9547
7337
-5624
-6338
-3975
-2034
-3598
-9223
-3380
4738
-6981
-8102
8988
2391
4590
-6198
-295
9305
7478
8298
7008
-598
-3599
-5184
-1730
6700
-4768
2400
4879
203
-5847
6837
5701
1807
-7186
1393
2643
-7843
5541
-3964
-7912
9578
4594
-6569
8502
-8601
-9376
-9647
-4541
-5650
-2526
7505
-9116
4053
8379
145
936
9561
5392
-675
-7266
4002
-4101
6418
584
-3817
-3802
-2819
-424
-6803
1159
-2452
-6237
1441
6210
7431
4809
-7031
-3686
-3129
6076
-5122
-3060
529
-7272
-3352
5952
-8352
3428
2670
-9543
3082
-3235
-3785
-6698
-1914
3678
8176
2847
2319
5201
3444
778
-7738
3191
9927
3741
-556
7843
-9052
5337
-2034
3247
-1480
3250
7857
-2938
5371
3689
-6064
231
-5451
3753
6907
-7261
8077
-9218
7549
-1861
-1877
-6248
6633
122
3996
1670
-7369
4101
-5322
7338
-7198
2908
-3492
-6195
2480
7334
2491
9836
8245
2966
-4555
-8976
8308
-5514
-1089
-7913
652
9691
3872
9523
5114
9144
6193
-8696
-280
7196
8704
7845
9251
6851
618
-6245
-7617
8033
887
1028
-6277
-9257
-8728
9574
248
8241
-7462
-5418
-7307
-2901
-4556
2146
-8790
1909
-8982
-7059
-9771
-4845
-7777
-6341
6715
-4797
4086
5285
8630
4647
-9415
-8606
-7653
-8310
8641
-9725
3600
7883
8364
-92
8418
4298
-725
6873
6605
1611
8611
-7380
1751
-3443
6634
-2658
5832
-2323
-6474
7229
5810
-2772
4314
8520
-3342
-4012
-9057
5602
7656
-8857
-7766
-8997
-1541
-4831
8547
-6673
3545
1110
-5477
-4069
5881
-4650
-2946
-4896
-3408
1465
-6467
2073
8013
3244
-4438
4671
8164
-8589
-5535
-3628
-6431
9845
-6750
2429
3355
3673
9218
5461
-624
7608
4162
-3419
-1989
3307
3797
-5278
-6847
7596
-8652
459
-9827
-791
1927
5193
-7546
-1129
7590
-5588
5582
-2436
-7160
-2953
-9296
2174
9759
3701
-2140
2094
2576
-7793
-3867
1593
5729
-1015
7303
6953
-5939
-5294
9447
-9160
1517
-9432
-9937
4006
-3802
4360
-2083
-1943
-25
-5516
6084
4806
9880
-8189
4768
-2885
-4123
5838
3548
-9904
6862
1060
-4981
9141
-5674
-1419
3481
-7058
7890
-4498
-5191
2884
-5035
4741
6047
-7729
-3017
-3302
-4025
-4602
-4216
9803
-7881
-1909
-3876
1327
1713
3917
4217
188
1076
-1776
1158
9351
-6022
-9543
5549
-9078
-321
7618
-9122
-5026
167
-5528
9675
-6800
-159
-4861
-4236
2496
-9869
9179
-138
-1850
4313
7060
-1060
6929
3017
3000
6868
9565
-1275
-2298
4427
6586
-8275
-4386
762
5590
-3277
-3939
7019
-1643
-5480
-9191
-365
7647
-1583
-7077
-8514
-3427
-1848
-8279
56
1897
8362
-6992
-4962
-3081
1517
8620
-2094
6680
-9251
-8686
6250
-7535
46
-6911
-8526
-5773
4378
175
-4228
4071
-7841
-8495
-6370
3504
-2576
1294
-1488
93
1513
295
1412
-2997
7646
-7471
8225
8718
-9425
-6158
-5928
-1897
8155
-9661
-2392
-6795
-5441
-2830
-2400
-4673
-8551
7260
2196
7977
5950
5986
-263
6857
9378
1535
9496
-9777
108
7814
-4834
455
-98
-754
-5181
-2483
-5135
-7244
-6349
535
-3898
7669
5916
-8180
3897
-9576
-1056
-9747
-6307
-6816
-1356
4254
8100
3435
1054
-8341
2792
-8633
9340
-960
-5653
-6151
7996
-9659
5173
7153
3303
5314
-7650
-9917
-9538
8693
3608
-8340
1875
8281
-9931
-2083
-7041
8954
-7409
9242
6531
-3076
-830
913
2356
6468
8192
-6841
4725
-6503
-6584
4611
-3812
-7747
9674
5575
-3352
6745
-2879
3630
7903
-6391
-7278
-49
-9355
6439
-8440
2774
-8411
-5125
8409
-9614
-3551
-4895
-2681
1071
1172
-5741
-5203
6836
7122
9192
-4641
6965
5276
8997
5472
-379
8607
-5505
-8732
-3785
1832
-1039
-8661
2921
-5798
9219
268
5917
4907
-4583
-8430
-151
-4911
-6970
-1838
-8917
4934
-1398
-5598
-7611
1948
286
6509
8712
8251
-4243
4675
-8352
-9033
1939
4167
7095
-6393
2193
-1445
7488
-6234
4398
-3131
1953
3992
-1120
-8072
1705
7621
5510
1876
2246
835
4388
4688
4
-9907
8880
4268
-8455
2453
-7373
4671
8445
-5456
-1381
4949
-7032
1251
-5525
-3758
2896
4475
674
7318
-9465
-8267
2449
-1603
-6933
-1643
-5197
-8910
-7260
3882
-7572
814
-3421
7252
-5838
7002
-5273
7926
-2991
-4965
-8862
9728
-1576
-2591
-4627
3931
8961
-9547
3146
-732
8980
7771
-9840
7071
4152
-1729
-2356
482
1200
3189
-2351
-8464
1930
-5437
-7885
7806
-1630
-4284
-2912
-2526
-8486
4970
-2534
-4361
6179
-9192
3310
-4960
-6976
-864
-603
-5650
-2055
3473
4903
-5342
653
-491
-6900
5892
-643
4246
-3274
3821
7386
9602
-2203
-6139
-4706
-2433
-4439
3244
3366
-4329
-2246
-5991
305
4522
-9109
3343
4962
-7397
-2542
-7937
-6208
-6701
3592
8458
-339
7458
-2848
8861
-7384
1197
8118
-2731
-1756
3646
-1747
6578
3011
-552
9746
5457
-6425
6153
984
-7726
-4281
893
4353
6132
-1382
-243
-9071
-3247
-3213
-5338
29
4087
-3990
-660
4200
-2163
-9586
-3299
627
-7831
-2447
-9516
5766
6660
-3732
-5686
-9668
-4487
-7142
2001
8489
-2361
2315
1317
2739
8769
-6896
1021
242
2860
267
1364
-9519
-6419
-6383
4167
567
-6329
5248
1909
5042
6874
-4475
-1185
4721
-4766
5127
7694
-137
-5696
-576
5417
-6105
4786
-3826
-7611
-8229
4694
6601
5432
-5268
-606
6459
7768
1902
6190
-9998
2184
3042
2102
3747
6662
265
949
6959
-8386
-7886
-6500
6596
-2495
-6359
-4590
-8843
-4062
-6564
4850
-2532
-4304
7408
-8772
2395
5873
-2930
9817
-2823
-4352
-9585
-2242
6913
8531
-4769
-7057
-5349
7762
557
2763
-4849
2947
7827
-5441
-9726
8272
8098
-904
1791
9322
-1764
521
4332
7052
-1278
4307
4777
1814
9708
7874
-409
449
-6229
1311
-8801
4357
-3413
8065
-7727
-9302
-9241
-6604
5381
673
-301
4522
-2131
2848
-9047
4123
7776
7975
-1975
-2145
7412
-106
3426
9861
-191
925
-1834
2838
8054
2683
-6829
4703
-825
-3484
-6640
-4082
1685
-9968
-3178
1093
8563
-5160
5141
-6342
-2647
4201
-3563
-8072
861
-4415
-9902
1617
-7576
5917
3899
1305
-9070
-3274
-1744
1349
2532
-2079
-4658
-7303
-2498
4996
-4654
-8647
-512
5036
-7563
7744
1153
6932
-707
2572
4754
-232
2507
5609
-5513
-3762
-8024
2469
2585
1555
2279
3259
2617
2055
-5013
-5041
1777
5473
8562
641
9499
2443
6156
2358
-1146
-4916
2440
5826
-6853
-7645
-9537
-4508
-3377
-8673
6552
1163
4219
2647
-3138
-3706
-4056
2873
112
5948
-7283
2087
-1263
7433
48
7479
-4034
5680
8371
8652
3074
-7690
3612
-9851
-3246
9403
3798
-3849
-678
230
1091
-3214
-3365
1289
5504
3825
740
9130
-1390
2268
-5304
-3375
-7669
-9792
-360
6767
6348
5008
-4222
-4331
6389
-5217
-2878
-2028
-1746
4242
7551
4069
-4108
-2540
2496
9794
-6449
9883
-5144
5932
-4548
7448
-8071
6223
-3262
-3164
-2930
-3897
3956
-3552
9980
3403
510
-12
-6945
8791
-9627
-6348
3841
-3693
9665
8664
-6965
-8739
6275
6672
3238
-8850
9772
-5097
-6927
-7552
5353
3709
1315
8901
3078
-445
8932
-448
7714
-8981
4017
-8195
4263
-5852
-6441
5905
-5595
3706
9420
9900
-3959
8549
6267
-3211
4413
-9333
9949
66
3599
-4081
-3669
-948
-6626
7531
8050
6801
8673
-5846
-4288
818
-5280
-5712
-1407
8645
-5353
-8771
-3001
2126
3112
7333
6746
-3935
-4517
-6826
6407
6804
7442
-5474
-5513
2410
-393
-1135
5953
1795
4688
-5036
8432
6732
-3902
-3241
7232
-9750
-2006
-1399
5179
-8247
-45
7623
-7858
3183
3669
-2178
6955
6266
-826
-9735
-6431
-9801
-8877
-8754
9359
4147
9667
3302
-8789
5856
-1664
6799
-6043
9683
-7202
267
-3972
-3647
-9899
6495
8072
6882
-2004
4654
-3151
9820
-7617
1305
8742
-8216
1911
9687
-7380
4422
-8605
8232
5608
-5148
-2600
-6916
-9417
4692
-2610
9323
3417
3156
3665
-7541
385
-6599
-8206
601
6165
2679
-7806
-3313
2204
-3530
4397
9540
1764
-1638
4561
9428
-6055
-1351
4179
-465
8288
-5434
4660
-8824
8954
7017
5912
-6620
-508
-1326
-8764
3693
-3846
9925
-9081
5341
9991
-8691
-6478
-59
2228
4708
-3972
-862
455
-2140
1321
2221
-9870
-2037
5378
-5232
8978
-5871
-5828
-4181
-1258
-9382
1648
9148
6768
8814
7196
-6470
-4767
-9296
3385
1840
-2557
9220
9437
-7364
-4874
-5763
7308
-6421
8539
-4479
721
1093
-4304
-6310
-6751
-8471
3296
6468
4715
-7975
5752
5101
-3401
9373
-339
-5626
3174
3414
7513
-7502
-6096
-250
4476
9482
-5222
-9089
-1474
2741
9643
4740
-3178
-9408
-2720
-6780
-103
-9446
3451
3077
5564
5667
234
-1234
-4010
1360
6088
2342
2621
-9936
2975
-9249
1064
-6107
-3933
6040
-8384
-9029
6618
-3785
8913
-7662
3003
-9445
6826
9975
5203
5159
-2180
-6622
-525
-894
923
-9904
7851
-8155
2264
5139
-6240
-6885
-6607
2436
-1710
-1539
9767
8891
-6324
-7072
4526
1241
-8397
-1074
-6063
-2764
4165
3226
-7337
-321
1940
-3985
6157
-9072
-5478
-758
589
-6132
-172
968
-3957
-5779
-6224
-3523
7211
3502
-7179
-3524
4048
-5459
-9212
7935
6299
2275
-9367
6580
-8226
-9451
-4831
-6313
-4069
-5376
9183
-7415
-6802
7746
-3041
-7535
-2087
9049
7873
5898
-938
2708
6886
304
-2535
5126
1715
435
-5585
-2312
9178
8122
-1110
4006
-283
-6118
-9705
-2057
-2533
40
8700
-3859
-4964
-8582
-4961
-8810
-6721
9466
-3458
-9644
8564
4999
-3331
-5109
-1128
-6410
5389
330
-885
-3351
-1166
4734
9272
8243
-4554
-8940
3696
-807
-1971
-6923
-7830
9971
1582
-2168
7199
-7079
-2329
5467
-4736
-3726
1847
2250
-6107
-5941
-875
-5822
1452
-6002
-4867
-3874
-1507
-34
8828
-9182
-8795
-6035
-3131
-3206
5972
-6021
-2506
4086
1437
-6535
8186
8593
-6583
8837
-2307
-4049
5920
9923
-4935
-7160
4802
6585
841
5213
-882
-8732
-392
-302
-5941
-8098
4585
2204
-8858
763
-3373
3233
6052
-9123
9495
-8715
8781
7761
-9187
-9572
-4127
532
-9240
2615
6305
9183
207
-1430
-5100
5988
-3983
-5379
3124
1657
7676
4704
4371
7797
27
-466
-1120
-4018
7451
2655
2210
4460
-100
5042
-9573
-6221
-5940
7041
5771
413
-661
8586
-9493
6993
3393
-5124
1696
-3985
-2697
-4845
-5254
-7995
-9891
-5606
-6799
-5209
-3086
-9016
-2266
1279
1548
9892
3082
-1894
-9595
-8155
-717
5165
-1858
-8879
1928
-1024
-1150
-7290
-7683
9091
4197
7379
-5596
-4850
7839
-7135
8679
2295
-2092
205
4351
-4495
1840
5637
6866
-6925
-693
-5508
8866
-552
-4497
2401
6588
1548
5594
6531
7873
-3818
3227
5770
3155
7399
-7924
-5889
594
-465
6581
-7417
3441
-1317
-8787
-9214
-9803
201
-2506
-6222
-6675
2506
-5745
-1148
9670
-5642
-6155
2870
3587
-8205
-9209
2856
-443
-8693
-5007
2496
9069
2139
7050
6953
-6572
-2272
-4958
-2670
-3505
-3276
1051
182
-1765
-5284
2204
-3613
-5947
1816
3206
-4634
-8073
-5625
6101
-1204
3553
-793
524
-1201
-1256
-6276
3026
2134
-6310
-1283
-8282
-1941
3151
541
-9651
5597
-2537
6926
-7644
2945
3308
3664
-5366
-1129
-408
4405
-1197
7742
-1898
9627
569
4694
6038
-1747
-6600
4222
7205
6244
8586
-7229
3698
8918
-3508
9518
-7003
-5856
3236
3513
1466
7609
7903
-4999
-7982
-6844
5489
9890
-5428
-8347
9207
4340
4922
5284
-5969
-5937
8149
-2975
2022
-5103
-2859
-3872
8393
1220
8340
9586
9248
4391
-2828
-4883
-4127
-4553
-8832
5291
-3724
493
-8277
-4433
2675
2882
2765
-6489
-351
5552
7038
-5754
-2150
8414
4886
-7572
-8631
5973
2123
-1662
-3629
-4662
9217
-3317
-3339
-7568
-6092
-8903
2718
9456
5780
3759
3172
9631
-992
3538
-7660
2581
4350
9141
2133
-6370
6479
-7160
4183
4094
1735
-9167
9506
-5257
-6252
-99
3325
2830
-1081
-9063
1277
5040
8906
242
-1027
1667
794
193
9772
-6722
1075
-1781
-595
-8653
-9913
-1212
-8378
2983
6206
-7259
-1141
6376
2501
2568
697
-6925
-8408
-2026
5708
-4122
-9566
-9659
712
-1929
-7739
-2700
3675
-5892
168
-9534
2836
-3714
-6931
904
-6981
-6484
1428
8158
-5344
4960
-1721
-9658
6625
-3823
2079
4902
-7461
-3662
9545
-4103
74
-7180
4486
3893
-7157
733
7507
-8666
9087
2788
5113
7515
-7185
5740
-95
-7427
3307
-8404
-452
-2819
1647
-6566
-6682
-9253
7600
-9909
-6284
-5466
5992
-2640
-5240
-2663
-5437
-5730
392
16
1800
-824
-1939
2286
-3991
94
9072
1868
9848
764
7528
-9115
6272
-494
-8406
-9058
6790
2364
4251
-3361
9503
3739
6294
-7249
-2983
2973
-4658
1727
-1973
-2224
2952
8545
-4653
9890
773
-5870
3536
7262
-8829
-8447
-5637
1450
-9101
-3165
-7436
-7169
-1738
-3514
-4235
-6182
547
2199
19
-6248
514
8061
2883
-4691
-4731
3037
-5249
-2655
-6159
2072
7813
8983
5538
6383
8733
7464
-2593
9529
1192
2698
-7724
-1948
2839
-542
-9813
-5815
-5290
8857
-4039
-5791
7229
-9248
-1474
-8405
-625
2713
1248
-1773
1993
-1865
6802
7019
-2391
-1172
-978
-6418
-2707
1880
-2246
-1699
6411
1019
-8993
7322
-8525
-7539
-4778
-6576
-4879
-8916
-1673
-4106
-8617
9632
4843
7061
457
3942
-2992
-3980
-3784
9181
-2465
-6943
5896
-4742
-9557
-5989
-9565
6606
6892
2830
1103
7661
-2202
-3790
9745
1204
-9881
-3087
-2510
-2176
-6895
908
9808
908
5635
-2023
3985
1962
3126
3352
-5128
-8267
-7915
7231
-6517
7951
-8574
6218
-7982
-8789
-7011
-1484
-5808
5497
4792
-6278
1833
-1367
7316
9253
3822
-9906
8530
8393
6075
6627
-6751
-5012
-377
2467
26
-1526
-6521
-6460
-2042
-631
5576
568
-7274
-8206
-223
-6098
-5105
-3722
-5166
4589
-3284
-5689
6116
1912
6144
-4649
4646
3873
9530
-5222
-6796
-6307
-8844
-3144
4701
6439
-3406
-449
1186
4516
-4964
-9348
-2461
-4577
-1853
-8735
-4094
5522
-524
-80
5199
2251
3558
-8515
-89
8939
-1128
7711
6323
-5326
3828
-393
-5990
-6820
-3836
1883
-588
5871
-2907
3339
7308
5345
5093
319
-447
-3936
6772
693
-6235
4878
9446
9125
-5603
-390
-420
953
135
9671
6946
5763
-2434
-1117
3228
-3489
-9313
5430
6642
-5642
9259
6264
1854
36
-1572
6137
2612
9855
7158
-6762
1933
-6154
-7834
8180
3946
-8555
-4771
4703
-4790
4401
3601
5212
-8253
-259
8926
1330
-4228
-1576
-7884
-1418
-369
4123
-577
2413
1434
-2499
-6976
-591
696
-1740
6998
-275
3795
-3103
-2262
3099
3597
-613
4938
1783
-8718
-4015
219
-7760
758
-5954
4517
-7887
1111
7098
365
-5813
7738
-1424
3608
7810
4424
-247
-3255
-3556
8421
5821
-5993
6950
7403
-6125
-8584
4851
-7997
-4173
7734
6385
3487
333
-2700
-6354
-6096
-2818
-8345
-2613
2985
-9089
8298
3598
7895
2811
1987
-4781
3289
-72
8675
-6156
-7359
-1506
3363
-4539
-8022
3269
-5163
-3117
-7370
9667
-9891
-4716
9365
3980
701
-2595
-8724
-39
3906
-2759
-1902
9358
3460
7510
7523
409
9056
-5408
1888
6198
-8439
2075
-2848
3890
3743
-5008
6971
-8162
-8332
635
-7656
4772
-5243
3319
-9199
3014
4234
-6085
-7890
-5418
-6058
-6672
6022
1433
5747
-6716
5034
5853
-2061
1569
4214
-9755
4996
-3568
8105
-1966
8132
-4525
-9764
-4292
435
9438
-1707
-6729
-5104
3326
4600
-9859
6709
-5492
6175
5141
-7518
-2694
2255
8234
6054
5719
8144
459
-41
-8883
3899
99
6421
-7901
9777
8326
5214
2767
4882
-1242
-6322
6402
4147
-5496
5035
2751
-3463
-7580
-1316
4893
9144
-6569
5394
9074
7764
-2311
4177
9872
1981
-7587
-2668
-222
5750
-683
-4461
8194
-3150
-7203
3549
6275
-5073
-6058
-374
-2584
1463
-3920
3159
-2250
-6802
-6698
-818
5723
-8225
5066
-8027
467
4705
7347
-5665
2088
-5852
5342
-9215
2469
-8574
3900
-9348
-5171
8966
6842
-4100
-6261
-1128
2409
-34
5202
3805
-2022
-2389
1684
4531
-3574
6674
-1321
3231
1609
-1998
-9316
-2657
5072
-6511
-497
8463
-8539
2126
-415
-6844
7157
-4010
7563
-4573
-1670
-1215
-3643
7402
-4557
-3150
-633
-4901
-3228
6662
-3273
-264
2652
7557
7722
8669
2107
9239
-183
-4102
9969
7486
-6107
3352
6398
-4723
-2589
-9718
-9620
2046
6649
-8013
49
-3744
-3799
7642
317
1277
-2212
-5241
8636
5585
-9429
8410
6762
9768
-4189
-6096
4404
917
1050
7919
6173
1665
-4541
844
-5108
3005
-8996
-9834
9440
-916
-5281
4726
-9987
-5261
9688
-3605
1356
-9920
-1648
-9171
1450
-4942
-2738
-5617
6914
-4517
6591
6630
9467
-6494
-4122
-536
-9005
8730
-4185
8385
-9204
5357
2750
7312
273
-2378
-4681
-449
866
-4154
8396
2022
-9920
9416
2548
4324
-7435
221
-3532
1114
-5598
-8925
3930
9409
6415
-5626
-9301
5933
-6794
5256
3731
-8716
8925
-8698
-4401
6000
-2669
1040
556
-6172
9740
7711
3518
1068
-2912
-5432
6550
-9950
959
1555
-3102
775
2261
4702
3982
9721
-8574
3342
-9103
-4101
-3078
-614
-3655
5611
2115
7112
3098
8778
3817
6549
-3008
1525
9665
-7361
1374
-3309
-2442
-7138
2320
1846
-2176
-9352
-5026
1651
-1643
-7045
-977
-5777
-2680
-4122
4573
3990
142
-5343
6907
354
1366
7908
8953
-24
1470
7772
-3766
4410
-5437
5374
1110
-379
-6673
-2709
2163
8565
-8979
-949
8075
-3727
-5589
4695
-2746
-840
-1912
-1125
1457
-2062
-8025
3002
-8618
5008
-4267
-8980
5326
-350
-6091
-7657
-9624
52
4415
564
-2912
2983
1846
9402
-9105
-9971
3715
6009
2969
-8910
-3417
634
-4058
6672
654
-207
-8112
-7405
-3685
8297
2435
1562
3991
6103
-6112
-7694
1966
-7488
4655
8678
-1325
-1978
1859
3847
-2394
4271
7314
-1313
-2021
1428
4223
-4034
-9968
-9709
-1575
5100
5079
8655
8997
4116
-9545
7781
-6263
6118
8130
5527
8993
5744
5514
8590
-1936
1203
-8647
4292
2416
8562
8775
2095
-935
6384
2479
3201
4616
4887
-5927
-3532
1529
3699
-2323
-1212
-2773
3312
-6485
-9461
8222
894
-5716
5741
5718
2080
5278
-8430
3173
-610
-6636
-6980
-5387
-4259
-2124
-136
6325
-7017
-411
-7387
-8363
-2745
-6835
-1149
2045
1661
-6003
-4706
-1934
-3275
1362
4752
-2313
-9186
6070
-8479
4277
-6966
6378
6985
-8895
909
-9973
-4775
1522
-8947
-8145
-4212
-4178
7814
2463
-5756
-6278
-9098
8903
967
-2271
5433
-6304
-5944
-1918
-17
3505
-3552
8029
-1388
5333
-6202
-329
-3645
5587
3291
-3394
2605
-8493
728
-2773
7940
7329
991
-194
8210
9473
252
4262
-2882
1030
-3215
-8088
-4897
3792
8844
9338
2322
-1097
1122
7404
3580
-2803
-7090
-4279
8057
6117
9467
-7773
9173
7638
1118
9395
-1826
-6260
-211
8105
2705
4250
-128
511
-6747
2186
910
7582
-1453
-8114
-5433
2563
6743
3953
4284
-6299
386
3325
3647
742
4419
-4730
1750
-7908
-9995
-1976
5090
-520
9913
-2609
3739
-8637
-5997
-9261
-3367
8072
9031
-9390
4151
-8607
6288
-4672
7174
6170
1550
-3096
-4515
-4781
-6646
-2584
-991
4850
93
9047
-6314
-2566
-7501
-2221
506
5229
7097
-8570
7669
-8844
-1852
-6796
-1440
6003
-2680
6213
-5329
-225
9174
2253
4455
-910
-1903
5580
543
3101
-7462
-130
-3874
2497
8383
8890
1270
-5044
7054
9200
5572
1251
104
8922
-5704
4857
-2341
6018
-1978
-1655
8344
-518
7900
-2858
-7255
9234
5676
7841
-5409
4597
9337
-3080
7237
7406
2690
-2774
5304
-4828
-7227
-741
1935
-6397
8950
-1880
-9360
3420
9671
-9748
-2044
9599
-8570
2080
-2442
-7803
4757
3056
1971
8985
-248
9149
-6787
3430
-9636
-7543
9863
-1348
4015
2699
-3769
7071
9553
-7513
3244
8763
6411
4741
533
-221
-3499
-675
9564
5424
-116
-5007
3166
-2743
9362
5039
-7352
9635
5256
6320
5420
-6376
-3955
8505
-6762
6493
-1742
1988
9405
-3029
4021
886
-9955
8944
8836
-1205
-4213
-9984
-7477
-7808
2483
-9573
9586
-2210
-6454
5372
-709
2605
-709
8977
51
-3403
-8186
-6767
-2933
-381
2718
7907
1502
4040
-8480
4514
-80
2592
-8598
8998
-5052
4223
-1579
567
-749
-7369
7111
3063
-6163
4993
-5961
8255
4959
-2133
-2798
5653
-7303
-9572
6920
-2577
-929
6813
1876
-784
6078
-2119
-1485
-1516
-9329
7970
507
-3007
-3613
-5452
424
5069
-5817
8725
-275
-2580
-513
-1248
9397
2075
-4420
4463
-7053
-6365
-3162
-4132
1817
-508
5673
3980
-74
-1865
-7653
9206
4489
-8630
4116
-1374
2392
-4132
-5514
7046
1867
410
7443
2133
1469
-6027
703
-500
7937
-9681
7416
9802
-6364
-8386
-5067
-5120
-8355
4804
-3848
-8986
1321
2408
4623
-7712
2722
-5022
-5765
-1646
3304
-9140
6360
3529
-2412
-1466
-7405
2537
-3808
4705
4399
-2157
8790
-3828
6043
-394
719
-7454
5569
2874
6438
-764
-3019
7589
9716
-6529
-4276
9460
5788
5155
9412
-3510
9739
-7652
6196
7076
-6040
-6113
2213
5102
9020
2396
8689
-3059
-9596
8310
-7775
-4852
6366
-4984
1569
176
-590
1361
1917
-5933
3880
8772
3814
-5883
-7191
-6864
6750
1038
5294
-2092
-1895
6441
-23
8967
-4354
-3168
333
-9533
3855
-5959
548
-9961
7184
-8595
-8754
-9424
-6907
772
-6415
-764
7081
-1623
432
2128
-6804
-4812
74
-1904
2292
5883
5647
-2349
1647
2496
204
-4215
5172
7399
9370
-5263
9843
-1058
7506
-2125
3520
3840
-8413
2408
-7130
-7767
-9958
-4022
-2548
-3942
828
9728
-3992
7849
5771
-9543
6758
-7763
-1825
7972
-1605
-7103
-1608
-5313
1202
5462
-4596
-4305
1402
8849
-607
-1862
872
-7443
8609
-644
-6399
7667
-4775
58
5841
-331
-9802
-4411
-8332
476
9777
7324
-8372
8913
-2020
7605
-9233
9534
9480
622
-4553
6900
-8794
-2591
6830
4347
4576
-1396
6665
-7311
-1144
-6549
9240
-3586
6857
9091
7013
8118
-7869
8727
-7302
-7197
-6982
-9275
5685
-1919
-5933
2489
868
1789
-2629
1338
-6923
-2014
-6091
-3299
6461
7816
3229
-8507
5093
1595
-1075
8980
-8381
6325
8084
5214
-7945
-1111
-9409
-7350
7403
-9248
-2076
-7356
3882
-9520
1725
-1252
280
-7914
7736
-5124
5318
7519
-9627
1254
-7495
156
-7370
9198
-5112
-9362
-6366
1104
3878
-5961
9106
9360
-3
-1147
434
-8021
1197
-5279
3935
-7675
-9938
-8736
2820
5981
-3909
-5520
1213
3006
3860
-5952
-6339
-5900
5952
-3170
2709
1900
-3741
-8606
7762
6765
7119
6820
-1234
-157
-8626
2365
8752
-8573
1653
5756
3680
597
-6417
8049
1191
-8760
7337
-3350
3107
-9593
-575
629
7244
-171
-9623
5006
-6592
-6834
6144
8534
5721
-198
-3041
7171
-4793
-6758
2498
-7024
4606
3727
-4271
-214
-8648
8104
369
3065
-9483
7903
5639
1469
4564
9610
-1712
7355
-2661
-3511
9576
8938
-535
-3631
-1044
5585
-4717
3120
-9965
-6123
-6363
-3588
2842
-2051
-1258
4360
2044
9381
4678
9639
-723
9141
9461
-2687
4488
-4495
-2472
-5325
-6031
6112
-8486
-395
-168
8718
-6334
3561
3512
-1763
-5230
145
-5497
-1768
8069
-3509
-573
4105
-4939
-2310
-7274
-9796
-2435
-1092
-7324
-2300
7212
-9565
9478
-7848
1881
-6550
-1943
-9393
-850
-6076
-7637
4033
6581
4124
-5718
5182
-9153
-6193
4610
-5468
5136
-8956
-8928
2969
7886
-9617
-9556
9838
-8052
-6236
-1454
2607
-3072
-7869
-8495
-6770
4084
1359
6356
-8680
-7912
-6105
9082
4144
-5873
5394
7525
938
-6592
-2455
9357
-6242
4298
8144
2565
6168
9364
-3492
-5734
1498
-6994
-1781
8659
-4614
5378
-243
-2895
4449
2618
-8949
-8902
-512
-2549
3290
-7556
1240
-8038
-3072
-1159
-7508
-7141
-494
6430
4404
-5593
-5212
8309
-1216
-433
-4662
-6133
-2425
-2907
-5142
8314
3869
-4764
3696
8767
4371
-1712
-6925
8320
-7644
-3553
-132
6308
-8992
5700
-8676
4205
2435
7667
-8226
-1362
3500
1790
-5745
-9022
590
1449
8322
-5118
-2720
7184
3523
-7605
-7407
4976
-1425
-3996
-1733
-1838
4471
4204
9785
1186
4073
-2043
4539
-1520
7300
3084
-1758
1134
1433
-92
-4681
6220
-5186
-7921
-9019
2718
-1824
-7078
-33
8194
1040
-4828
2924
-2527
3715
-3967
-2876
5321
-4062
-5727
-6804
-2430
-1146
-7687
7718
6298
-3561
-7891
4149
-4763
6640
6146
-4249
-6386
7077
-3627
161
-3504
-4978
5549
9986
1548
-5763
-8409
-9854
-1100
5033
-2934
4766
1267
-4040
2922
-4804
-2841
-3288
7750
-2635
-7500
-5639
-5317
-3721
-3933
-1226
-5271
-8447
4894
9422
-690
396
-2659
5872
-9372
299
389
-5712
1648
-6668
-2737
-7833
-1183
-8736
9373
-2657
-7119
9278
-6282
950
8593
6903
9328
9008
-2339
-7866
-9662
-730
3918
-7226
9508
-9963
-4748
-521
-4277
6670
-2575
5396
-4668
-7377
4808
-7129
5064
4417
-9899
-9667
5545
-6582
-3094
8724
-4107
-4548
7836
-6056
-9172
2407
1069
-1667
-1789
8494
-40
-8882
370
-1126
-6175
-2774
6916
9338
5542
-7297
9919
-2514
3946
-8905
6143
5722
-8161
-5089
8906
-2673
-3410
6921
-7636
5194
6882
4055
-7798
-8692
-1350
3317
-4399
9092
-2816
-3162
2664
3689
2501
-3811
591
2876
-6583
6208
-2123
-5797
8806
8407
1507
6741
-2199
-4893
568
-3842
-573
-9117
1904
3040
8754
5177
1993
-230
-4977
5608
687
-7776
7102
-9174
-9699
-2893
-1569
-7547
-6780
5650
4320
-3970
-6091
382
-957
8162
6389
8475
-7452
-4538
3507
-6458
-7252
9444
-336
-3699
4935
9625
4936
7325
4197
-9180
-2148
-2190
-4480
-4348
-2899
7979
8106
-5600
-1691
-4653
-8114
4919
1838
-6603
6974
-8479
-6004
-9409
8788
3518
-2778
9562
-7900
-2856
9477
7659
1163
4001
2172
-1193
-2482
-4104
-8548
3499
8178
6100
-5138
-6610
1060
8410
-9631
8149
7154
-1840
-8345
-2170
-2395
-3734
-673
3414
5628
4344
8537
-9321
3599
-1709
-4290
8377
-3824
-558
-3184
-5895
2228
9502
7830
5991
3467
8340
-4780
-9126
6660
-9394
-468
-9622
3149
-926
-7592
3941
-4512
1647
54
-5104
-5327
8759
3180
3174
-2640
-9228
9901
-113
389
-3514
7214
-8383
1594
6264
-4080
7652
330
-4335
4363
-734
-8954
-1548
6755
5021
-5188
8158
-2470
-5475
-4118
1769
2888
4530
9389
-8081
9432
3470
-3679
-5345
-1370
2694
8440
5333
485
173
-6608
-2086
-1215
6885
-6847
-5244
-6390
9824
7284
-9213
-6150
6222
-7997
8159
-1638
-798
3242
5375
-5996
8621
3598
-7316
-7771
-326
6833
2451
1331
-4325
7035
-8331
827
-4287
7967
-3419
1629
6899
-627
646
-8629
-8875
-1841
3065
7246
8601
8070
-6790
1466
-1837
6294
9429
9452
-6936
1328
1865
6576
-9293
-4315
9111
-9948
703
3426
7936
-7212
5614
-39
8137
8255
5422
-3470
1464
9829
-7404
4004
-7121
462
-9467
-4562
-6372
1605
3622
-9016
-6832
-618
7607
-7782
-2237
4385
-3898
6
921
1214
263
594
669
-2300
223
277
-8368
-1360
9934
-5044
6044
-8367
-5170
9600
6855
-940
-1551
-8597
6042
5270
-7944
-2494
-3570
-282
258
-1446
-4819
3396
-7802
-6249
2152
-4584
5609
-9751
-434
2003
-6666
5179
-9762
257
-6194
4988
1672
-1334
-5060
-8466
-5449
8008
-4637
8703
-4064
-5302
3964
5652
-843
-7243
-5837
-9049
7442
-8331
-4905
-1763
-3559
6182
2804
628
-3976
-5420
33
-5148
-4274
3271
-8835
-4215
1464
-2931
5834
7764
-5222
-1277
-5998
-2827
-1968
-6504
7816
-2546
1452
9958
1093
-3191
-2161
-7617
7737
8570
-4839
5570
-1453
5490
5862
4312
5511
9972
-2025
-9489
2976
2666
-6467
-1821
-5812
-7912
-3077
-3600
6173
-1281
7667
7923
-9796
-7055
8367
-4650
9177
-3933
3487
-6777
7013
-6657
5534
-7405
-9377
5895
8523
-9656
-8099
466
3213
-5970
9199
-2480
520
-4850
-6080
-6728
5769
-995
9887
-8561
-3790
-982
-9098
-2761
5365
-4399
7124
512
5136
-557
-3515
-5249
-6502
-367
7133
-9063
-2445
-1706
-6434
-3422
-5502
-4293
5506
3637
8724
2684
2425
3217
-8570
5904
298
-5519
-6663
5574
7133
-3485
-8307
3385
-9471
2921
-6780
1390
5330
-6230
7546
4448
-5978
-9113
-1982
-7018
5717
-2525
-4561
3308
6941
-9498
3513
-2734
-1485
-7320
3176
-6093
-918
9233
9145
-7996
-8586
-2075
2500
617
9244
4170
-2236
645
-6642
3109
377
1736
6091
-5724
-1338
1538
-4802
8448
-9814
-7177
9042
29
8633
6630
3003
4428
-5130
7850
9745
9314
-7692
6098
-5375
5542
3033
6097
-1613
7401
-6262
-8453
9712
4795
-50
-6168
126
-8224
1175
-5762
4019
-8363
8709
634
9046
6322
-7038
1386
-708
5870
7615
-5184
-700
-85
900
-5956
800
4280
-2890
-9451
1243
2565
-6849
-2202
4709
8640
-6888
-5753
-9922
4801
-3496
1226
-6748
-9369
-6169
8107
-9395
1674
7053
-1696
2579
-8353
-3195
2517
9786
8923
2247
-204
-6106
-4094
3032
5846
4666
625
2995
-8547
8487
910
5926
-9594
3209
8716
1307
4491
-634
-3611
-8437
-1332
-3916
2793
-6561
9127
7228
8807
-2029
-404
-4240
634
-1987
5786
-3608
3316
-9648
4173
-8231
659
6560
2628
-2364
-7623
9621
-305
5748
6646
5095
3864
340
2314
-6849
3397
7359
-6422
-6288
1101
-7534
3905
8619
5860
-7346
-6601
5693
-2147
-7103
-9861
4014
9894
8363
7135
2722
8708
-171
-1064
-8968
-6294
3173
3744
-6622
-9419
-6289
4107
9256
3447
-2517
4617
8428
-7187
-397
-748
1706
-2136
2040
-9300
-26
-5763
-3316
1767
-3202
5609
-7368
5202
5502
3206
9593
-5556
-6433
-1577
-7454
-9995
7928
-1278
527
8038
2148
-1453
-5857
-7754
-9630
-1719
-8288
1200
290
-889
-4572
-5143
-3333
-872
8963
6795
7022
-8594
-3054
-2230
7949
-1490
8606
-3951
3855
-6962
1049
5
-9733
-403
1324
-7017
7338
4003
-1448
-8574
-9907
-5562
1397
8518
3896
1433
-5088
-3609
-2222
4735
7777
4439
-540
-4248
-7016
6522
-8224
-7244
-9912
-6362
-58
8095
-1608
7332
7232
1708
933
-9308
7787
-7555
-2480
2665
-9425
7536
6702
2584
9
-1571
3874
-3484
-6403
2215
8272
9120
-4739
6610
-9456
4516
-3387
4802
-8793
4581
3914
-5086
1485
-8001
6046
4066
-8715
-7812
-9500
-5781
-1396
-4668
-2785
-4888
3863
1924
-950
400
-3487
3347
-1118
3573
-9960
7727
9823
-728
2070
-9379
1164
6417
4079
-7016
-8763
2939
8752
5662
-3949
4702
6538
5944
-2856
1686
-3984
9379
-6390
2939
1905
-9851
-7253
-1380
-4535
6213
-1711
-2140
-4302
-9659
-5127
3758
-7824
-3227
-8005
-9336
1025
-5917
140
-4381
-5905
4276
-3639
8202
-4127
4348
3863
570
-3797
7197
-2444
-9338
4116
-3116
7368
1921
7875
-7457
952
7866
4696
3378
-2760
8410
789
2294
2526
-236
3948
-3520
-9340
-8067
-762
7992
-1156
7630
3789
-5454
-7253
1117
-7650
7720
-8344
-1498
2785
-5789
9642
5293
-594
74
-7211
-1519
3131
2275
924
717
-2964
-2049
-2588
3579
-8178
-5902
6622
9724
6536
-4377
1424
6125
8040
9738
8133
3329
9797
9835
5516
6977
1721
8739
-4375
-3423
2652
7233
-9643
-6126
-6310
2180
-1198
6964
-2933
8127
593
-4163
7134
-832
-705
8253
-8903
-8067
1966
-2838
2787
-6483
7254
-332
1941
-539
-1315
3297
6759
3948
8996
-1703
-7674
-9165
-9073
-5411
-6260
2748
6034
-5644
6822
4461
-942
9913
-856
2296
6195
629
540
7264
5879
-212
-3227
8463
3791
-865
9980
690
1933
4229
-6506
5505
-9796
3120
9131
-7704
-6490
6298
-1760
-5295
4512
-1650
-4101
-2391
340
8326
4460
7341
-9477
9646
3266
8057
-7244
9496
8069
-792
-8476
-6137
-2956
1793
-5391
3051
-9185
-8196
-9138
-8684
4257
5938
-9219
-3152
-1215
9897
-7612
-4166
-7249
-2471
-6112
9164
-1877
5465
4676
-7361
166
2287
-9038
-4562
2749
-9292
5052
-77
-9229
9648
-746
6448
-9905
-8539
-2465
-5905
-3253
-976
-5931
8522
6559
3676
861
3369
5669
6922
6745
539
-4680
-7640
5741
1580
7117
-8030
-7115
-1472
-9159
5424
-1432
3548
-9114
859
-3923
-862
643
-4060
-4261
-8710
9995
9794
2417
9099
1395
6154
-3920
6490
-8575
-2407
-230
5827
-6036
-5488
-5397
8411
-6094
7674
9332
8125
8576
9007
-6747
1323
-9544
522
7636
-4300
-2402
-8277
-7274
-272
1183
5454
545
-4474
-57
6642
-9816
-9038
5891
-3605
-2898
3248
-4346
2741
-417
6375
-3744
-2334
-4769
2970
-3391
-2386
-7286
-9012
6540
-8906
8643
-9127
8519
-9621
-1108
9703
-5133
-9959
-5356
-1490
3968
9077
-1533
-2735
7489
8369
-7766
2181
1904
5
-4331
-2285
-9062
-8739
9445
9933
6493
-244
-6881
-6432
2739
-444
-1013
-1151
7999
9312
-7556
5511
7504
-2600
-1619
-4388
-1903
-8928
-7594
-2821
9199
7967
5481
-1759
-4620
534
-916
-3465
5425
928
9935
7258
-9065
-1041
-6790
5111
6922
-8925
5772
-5589
90
9618
-734
8178
5924
-3277
4677
-5496
-8376
-9944
9618
9866
8855
2265
-9267
8527
4276
4879
8189
-7796
-9528
-7548
3425
-2930
9377
-4814
4576
-1456
-5811
3270
-1310
-2978
-4699
7996
7090
9581
-1300
7304
2317
8658
5858
-5420
-5090
5368
1310
-9931
8404
-1330
-1774
-5316
-9165
-7957
-7113
3567
-6061
-2362
-3807
-7805
8801
738
2147
-3868
-9686
-1645
1367
2596
4564
-9141
5176
-8847
-174
6972
-7439
9531
-3653
5893
7542
8057
5760
9308
-3218
-4094
-9682
9506
2434
-3354
-5866
1735
4057
-548
3387
-3496
8503
-8422
-3490
-275
-5735
6556
-5999
8715
-4495
7545
3494
-2927
4858
